chromosome	start.pos	end.pos	Bf	N.BAF	sd.BAF	depth.ratio	N.ratio	sd.ratio	CNt	A	B	LPP
chr1	13273	202259	0.065211295948107	10	0.18253355855842	1.37263001394892	189	0.838946721079794	9	8	1	-6.80973128101866
chr1	591391	16536648	0.498898820717053	2310	0.106052499643817	0.837540785674298	70872	0.314966507932856	4	2	2	-8.81811450472464
chr1	16544113	16947199	0.330465790080048	225	0.121151469538873	0.927432422992037	2716	0.296924994384943	3	2	1	-6.85523119576827
chr1	16948559	55107194	0.498904189409053	4049	0.0996187287408563	0.85996417595299	164774	0.338372601277075	4	2	2	-9.4883961153518
chr1	55109019	100410072	0.498892062588575	2213	0.0974147013302961	1.07905713769322	84839	0.457414236149749	4	2	2	-7.41345540604736
chr1	100428863	108185725	0.498816060591463	317	0.0896176426067424	1.22067932468035	8664	0.534932204734312	4	2	2	-7.32190792681199
chr1	108185862	121530952	0.498878875043177	1017	0.0934670501066135	1.01062930189225	41091	0.384135381497364	4	2	2	-6.73986297407486
chr1	124514134	143253209	0.498094861637127	13	0.201447740885055	0.364980893117115	226	0.286322241467026	2	1	1	-11.8541724040784
chr1	143280625	150167382	0.498778243792434	251	0.101186843545853	0.947896984790663	13877	0.369467608342254	4	2	2	-6.81673148287542
chr1	150168687	151956400	0.498790947875728	234	0.107379471606836	0.765665434879773	13520	0.284908183912725	4	2	2	-7.54927199907171
chr1	151979873	153351818	0.499111171816666	143	0.0774350549025775	1.10018303050322	6050	0.250778852898858	4	2	2	-6.85152052285159
chr1	153351834	157078428	0.498856772974553	510	0.0931601489056322	0.807309847645336	30643	0.281653384040525	4	2	2	-7.80218828350277
chr1	157084557	160152759	0.481993286053129	378	0.0853424355896045	1.07549057553838	11277	0.331647559132013	4	2	2	-6.84837244248672
chr1	160153036	161725431	0.498837740257873	210	0.0920358261843474	0.880148601675466	9689	0.299956761834796	4	2	2	-6.8978570961264
chr1	161726298	199827257	0.498895939531129	1923	0.0937509185995278	1.07737559196261	79636	0.443765002538976	4	2	2	-7.32551013181958
chr1	199895984	248945592	0.498916747593699	4757	0.103094816776581	0.977008182473208	146743	0.394914577036345	4	2	2	-6.82859575480506
chr2	188171	9340318	0.498841019074684	420	0.0927435799797359	1.02984947762236	12598	0.452518427245198	4	2	2	-6.75715591689737
chr2	9375028	10863748	0.498809448141552	228	0.115623423010575	0.844434447911163	6056	0.343310766357686	4	2	2	-6.94091121769419
chr2	10874410	23705221	0.498864185187217	623	0.0912179127818063	1.10180095448771	20024	0.484677718760953	4	2	2	-7.02969499879157
chr2	23709055	74878504	0.498904558914066	3277	0.0969511109184851	0.949302555382003	138369	0.412719552392934	4	2	2	-7.17578158309202
chr2	74885714	84811627	0.498844030129261	341	0.0922827391786738	1.18501192391685	10132	0.529009528209406	4	2	2	-7.29460536094593
chr2	84813269	92075324	0.498777692946499	540	0.130507430087511	0.948754067738416	18105	0.355368596690451	4	2	2	-6.82503262966952
chr2	94190317	95939329	0.445409624731695	73	0.104258522057496	0.986390355278632	4081	0.360826357562436	4	2	2	-6.8945630248576
chr2	95939402	95954051	0.168341427167733	56	0.110881800586475	0.883195649112878	194	0.31407427766096	6	5	1	-6.75800674918298
chr2	96022714	96977947	0.226441443327765	55	0.101338260778657	0.86570218529875	6625	0.282239531657255	4	3	1	-6.91015629120022
chr2	96977950	97167830	0.255992980918887	45	0.13175169866461	0.988080807751693	1074	0.350693924342028	4	3	1	-6.73439143859102
chr2	97167832	169318824	0.498904391559155	3650	0.0988596876445601	1.05341878120298	137360	0.438997902149573	4	2	2	-7.29841173422048
chr2	169338028	176319644	0.498826818882397	545	0.104617694782106	1.00400140812174	20059	0.417490199914295	4	2	2	-6.73360864025199
chr2	176394302	208354466	0.498896888373602	1768	0.0912243099542957	1.09571501139389	78149	0.427483219411289	4	2	2	-7.51096289747989
chr2	208355433	215245097	0.498828162522888	302	0.0924796859337239	1.1533887014955	11197	0.447456968705644	4	2	2	-7.12963268709449
chr2	215283070	231203685	0.498885521408976	1291	0.0898238992795762	0.956077707414813	45558	0.394628326903654	4	2	2	-6.85131540924791
chr2	231206193	242183318	0.498886226673528	1325	0.0948204793425019	0.939801271359779	40043	0.346418413948324	4	2	2	-6.93384671639737
chr3	13142	8634092	0.498843976338917	562	0.108949187486819	1.09500389690109	11958	0.490383218968103	4	2	2	-6.90739657300239
chr3	8634816	20281330	0.498872634364104	821	0.0953449231554983	0.944589959325218	35593	0.388328530756875	4	2	2	-6.87711265010152
chr3	20291100	31770474	0.498847209394547	493	0.0953927005145898	1.1386351385819	14443	0.510063129376209	4	2	2	-7.15263543792659
chr3	31795088	33121130	0.498771148674438	155	0.0987247212743577	0.840428922223324	4724	0.33512039213047	4	2	2	-6.93858972346332
chr3	33137204	46954696	0.498886473900648	1020	0.0895672289554682	0.997128337154237	41296	0.378977208033041	4	2	2	-6.73342569831735
chr3	46966191	53290818	0.498875739150915	545	0.0941888738784643	0.850951716251905	49320	0.278597395438035	4	2	2	-7.788197023637
chr3	53304338	56327408	0.475585205599827	164	0.079748522708313	1.06374542928186	6181	0.404746102256451	4	2	2	-6.83152304213112
chr3	56360280	58526313	0.498812894733907	353	0.0919283242400251	0.848445831418798	9767	0.341170993023363	4	2	2	-7.01855500428927
chr3	58526510	75621145	0.498869218516469	982	0.0967115306617199	1.09303524864931	28103	0.474840297503427	4	2	2	-7.07731796564359
chr3	75630060	75732267	0.1404061270736	82	0.166824082842015	0.848635446637538	416	0.396716471257446	5	4	1	-6.86633883668014
chr3	75734368	90303819	0.457621458718304	464	0.103691760831948	1.21574377568401	13193	0.538819510525061	5	3	2	-6.93501479622984
chr3	91404436	130021855	0.498908894142179	2296	0.0943205989153239	1.04557816937736	82602	0.427286944958782	4	2	2	-6.98130546120074
chr3	130083201	130130877	0.498103155926079	27	0.182422234924561	0.847246468832577	127	0.293152426148719	4	2	2	-6.74216281319755
chr3	130157531	142581013	0.49887521488851	896	0.0950805070885315	1.01372458673821	31475	0.400261411398358	4	2	2	-6.74250055565823
chr3	142589849	178932985	0.498889919468802	1714	0.0997788457313988	1.10064875432888	57585	0.477311730771871	4	2	2	-7.51326248253291
chr3	178934754	187221403	0.49884435391269	676	0.10083736067071	0.885134370741915	28305	0.384420702769277	4	2	2	-7.19222987499594
chr3	187226460	194360963	0.00201349053922809	406	0.0955891616482027	1.12122979927138	11521	0.473919024345434	5	5	0	-6.94826497626957
chr3	194361171	195774150	0.49878238481366	195	0.121980288142041	0.867385396265071	5199	0.347816879862998	4	2	2	-6.87057695208156
chr3	195778965	195788578	0.323205453668259	58	0.133266645452186	0.593158911599382	283	0.15498965036389	3	2	1	-6.74961466919928
chr3	195791459	198113542	0.498809389434062	355	0.103269791463511	0.800377488042322	10622	0.330416600723568	4	2	2	-7.30450937806646
chr4	13970	8606907	0.498905003706537	1281	0.0925816288885653	0.904797149989174	34081	0.333136940537259	4	2	2	-7.16070903013361
chr4	8611118	9748635	0.498697077591223	170	0.129569648469021	0.936220467818335	2390	0.402536024608356	4	2	2	-6.75100889808178
chr4	9754867	38658042	0.498884313070974	1331	0.0971862568149219	1.1006082280354	39535	0.497186639508414	4	2	2	-7.32357179278205
chr4	38697303	41106765	0.498803419036048	309	0.110462636075799	0.803253432537581	9895	0.342244383380655	4	2	2	-7.27110103946962
chr4	41109750	49061855	0.498877369345343	442	0.0977775538213887	1.0601560783237	14864	0.428651527994303	4	2	2	-6.8221651293005
chr4	49102610	49149825	0.0337741898470167	10	0.158113883008419	0.058888144261001	43	0.105686628030265	1	1	0	-9.81230192923421
chr4	49157761	49711644	0.417078495037188	124	0.158747323834286	0.695172356167809	656	0.334526760486603	3	2	1	-6.91233020678069
chr4	51819050	54636336	0.498773686456345	115	0.0964218404699027	1.04315271624584	5272	0.426138722192968	4	2	2	-6.7501550206888
chr4	54649043	54846540	0.215728400333273	25	0.0928766745026256	2.55616437194896	933	0.828902145694129	9	7	2	-6.73879295680968
chr4	54867256	57048027	0.49882726399626	234	0.103146401257823	0.919018479071476	7687	0.396010632755521	4	2	2	-6.79122372369068
chr4	57048152	189370505	0.498914154945187	5640	0.0941802721262644	1.08540174389441	222110	0.464866671701898	4	2	2	-8.55293840387644
chr4	189370667	190179679	0.492759952491678	83	0.132839173286526	0.928643363348537	940	0.425553102152312	4	2	2	-6.74923596132733
chr5	44595	488195	0.372449700712269	22	0.0896237083081764	1.48550739363391	3009	0.482519426242723	5	3	2	-6.82329477393049
chr5	491711	795860	0.324665205070553	48	0.168774334993453	0.499102795097285	874	0.178879989598519	2	1	1	-7.31937002439071
chr5	796106	1225561	0.0272130331515788	103	0.112717087540975	0.438812555239745	1615	0.154888975305667	2	2	0	-6.94391000867795
chr5	1253629	3384089	0.294796680482567	168	0.147948819362782	1.44086660501238	4190	0.737844843812847	6	4	2	-6.77715023845417
chr5	3541792	4143885	0.0142266469809471	18	0.058925565098879	0.551018922592759	358	0.216330219969632	2	2	0	-6.84066072040283
chr5	4202431	12409478	0.315235577242795	584	0.122241354514318	1.7670003172723	16933	0.816407321822548	7	5	2	-6.76859686463076
chr5	12420667	13638374	0.152966422151137	64	0.105448257782879	3.95417686151538	2239	2.55412980214558	13	11	2	-6.7374016913154
chr5	13650357	16182832	0.332778689141959	250	0.105555659502521	1.6404264582959	8209	0.656662726546631	6	4	2	-6.76150123057013
chr5	16191860	17696095	0.167979741728027	273	0.0847000007123002	2.54563434388227	8289	1.32837784674089	12	10	2	-6.74684047750815
chr5	17714559	30775251	0.337329920942662	636	0.104985875013545	1.77916323553353	15653	0.904951126865607	7	5	2	-6.87746170475047
chr5	30888410	32589176	0.235513916237291	290	0.118786127154207	1.71746213883938	9459	0.833126424793374	8	6	2	-6.7755906513726
chr5	32593211	34549979	0.248318790271593	225	0.0963294133326674	2.16445397632125	6178	0.994906989380169	8	6	2	-6.74071935364211
chr5	34551604	37284624	0.310032897646924	227	0.116268281664081	1.66393599476141	12308	0.676595284487124	7	5	2	-6.76805119319662
chr5	37292137	37600256	0.00313829311757305	50	0.11609105504398	0.675548025328222	1130	0.307077368594297	3	3	0	-6.75458461378494
chr5	37656989	45816754	0.242887350632126	557	0.110673951926799	2.1537787175464	24407	1.07972003861829	8	6	2	-6.75882519661352
chr5	49600535	49666191	0.0188877011201747	12	0.144337567297406	0.024110237437082	23	0.0268733672176125	1	1	0	-20.5711305229781
chr5	50273780	132285738	0.498899744051189	3553	0.100195541219307	1.08101202977317	137588	0.464802588961661	4	2	2	-7.88405130367869
chr5	132319864	140738676	0.498849419118373	533	0.0990703832844943	0.888862921658842	30264	0.377207799780981	4	2	2	-7.18515054202501
chr5	140740569	170441662	0.498892345948779	1670	0.0889498813142566	1.01662372971456	73052	0.405031987382216	4	2	2	-6.76461267758624
chr5	170461445	181288546	0.498855140784648	1196	0.111036247712488	0.85956545927754	39329	0.350801663994359	4	2	2	-7.74219887410259
chr6	160049	24294236	0.322361550922008	2425	0.113807170671359	1.49249698091059	70175	0.693482044830391	6	4	2	-6.73919218025487
chr6	24301881	24876032	0.347818247288502	154	0.101655452799881	1.25952212748565	3886	0.485123429969919	6	4	2	-6.7892549234462
chr6	24885472	32485632	0.327893025189945	1854	0.106555331919311	1.37516281418061	57746	0.479376649171943	6	4	2	-6.87888746971207
chr6	32521989	32584221	0.498121234140345	36	0.193131559322523	0.351687722790281	90	0.336707762723333	2	1	1	-6.77345496173613
chr6	32618524	32758049	0.255617149676285	155	0.110142082896598	1.58427471930616	840	0.67510387669286	8	6	2	-6.74449714127237
chr6	32758055	41594792	0.337601897884763	1417	0.104541130413059	1.38363505043226	50979	0.534779237655133	6	4	2	-6.85087301194936
chr6	41601318	44285913	0.322802004578128	559	0.105593408300824	1.20971995403849	23457	0.451447879867914	5	3	2	-7.04588213543257
chr6	44286028	58414703	0.324717786495237	977	0.103477087982732	1.67773397519892	39622	0.648885495151575	7	5	2	-6.85170764674105
chr6	60281479	170737080	0.00159589610570887	3752	0.0315176639280454	0.525181709248586	132581	0.232445236309676	2	2	0	-8.83007035914037
chr7	37991	413634	0.49901935630208	76	0.0858335424967644	1.82846768778373	1185	0.59384889425198	8	4	4	-6.73817582923212
chr7	430570	1874423	0.320867971163822	501	0.111561257950281	2.53661693650501	14924	1.05633897761893	9	6	3	-6.75176038697141
chr7	1898148	3447782	0.498811477574748	373	0.0951086216798529	1.82223875060274	11375	0.879678143366123	8	4	4	-6.74338586501681
chr7	3464299	5231042	0.00138740775742996	232	0.0364970084781603	0.819674894260579	6042	0.356150672570097	3	3	0	-6.79998390899891
chr7	5235906	5367749	0.479113146785961	58	0.0748226699732359	1.38141296056685	1343	0.510797946654405	6	3	3	-6.78145117145136
chr7	5377790	5715275	0.00186301345566497	62	0.0162095609994478	0.809364509384711	1898	0.469079976677631	3	3	0	-6.74636240105511
chr7	5771669	5844304	0.498634350619004	32	0.103662292892555	1.7914669354963	655	0.979828620254302	8	4	4	-6.73367837374778
chr7	5844356	6295555	0.245565037855137	260	0.115310197722672	2.81517920250125	6891	1.67106729830475	12	9	3	-6.73430193583504
chr7	6296610	6339547	0.00429580534967822	9	0.143	0.660993942123074	248	0.309742323379266	3	3	0	-6.73781395885802
chr7	6341188	6624672	0.499124565867639	112	0.0844121622007938	1.40821605745163	3394	0.598513862606996	6	3	3	-6.73495188249214
chr7	6629829	6814881	0.260965242432239	73	0.115239724331183	2.1632547736756	2069	1.1461581588732	8	6	2	-6.73898521864611
chr7	6816709	8078014	0.00448021971863677	132	0.0896734985405626	1.07679398489672	3202	0.426112836554745	4	4	0	-6.75761573488788
chr7	8086564	9188464	0.498824665856053	75	0.088050380746193	2.32907569771287	1931	1.33426758566095	10	5	5	-6.73496805214731
chr7	9203449	9932900	0.278278789402975	79	0.110078015177924	4.11548351076671	1384	2.19457013681951	18	13	5	-6.73375765262857
chr7	9980229	11736422	0.499340294922665	116	0.0656808300745382	2.37654171027673	3892	1.03620579426493	10	5	5	-6.73554861730016
chr7	11769292	19655571	0.00157797930786557	440	0.0437316786475523	1.24560745775652	11169	0.623732666484766	5	5	0	-6.73391569674985
chr7	19729671	20284691	0.498164053310899	21	0.193809258219076	1.45669012661027	683	1.15902049527758	6	3	3	-6.73328795877789
chr7	20301113	25595781	0.49888715330851	662	0.098549688846347	2.02330830424306	21235	0.935883984336989	8	4	4	-6.73364341639609
chr7	25689798	34085808	0.00125846913493377	604	0.0408571657570123	1.06764245763414	20017	0.446552805062663	4	4	0	-6.84179057298532
chr7	34116625	34440733	0.49870963553767	9	0.167478190951671	2.37724403546297	378	2.05800065656612	10	5	5	-6.73317904903607
chr7	34456679	43733636	0.0023265709139994	469	0.0530923068759024	1.07244216277793	18177	0.518163739262312	4	4	0	-6.83555320851709
chr7	43739295	45506163	0.00031046436333354	204	0.0874618841793259	0.860836454798426	8881	0.313370179754826	3	3	0	-6.93304612268921
chr7	45506489	51348465	0.00168499009143808	369	0.0497507094009329	1.08595249454718	11552	0.490772806229245	4	4	0	-6.8324305258933
chr7	51359693	55663523	0.49883315408132	385	0.0959361855142121	2.19497417244718	9378	1.16700457892276	8	4	4	-6.74968672742727
chr7	55664346	56236892	0.498812898974956	152	0.0872801183383866	1.34850605142718	4697	0.593942799781105	6	3	3	-6.74403864977249
chr7	56239941	58091518	0.498723848832236	269	0.137676350570893	1.75655188169026	6449	0.831926790822061	8	4	4	-6.75976136435139
chr7	60958177	76482518	0.331449322777842	2093	0.123848109778873	1.13455919196386	58830	0.521736580818147	5	3	2	-7.21317848569973
chr7	76482677	77965746	0.322076190020683	200	0.115215714223452	1.36993835399476	5831	0.617330600743188	6	4	2	-6.75765404224232
chr7	77978887	97760213	0.334172040422188	1192	0.103573174663498	1.71793819010366	45565	0.728592367953365	7	5	2	-6.86873297328927
chr7	97803453	100952148	0.337178113472144	555	0.101499174516613	1.14261720228459	29426	0.424115648484506	5	3	2	-7.03699755112569
chr7	100952233	100960738	0.204277107099581	92	0.128478967457067	0.767773083727486	606	0.219710972778643	5	4	1	-6.75864360858137
chr7	100960849	102761678	0.323574876196534	541	0.119113344196443	1.02706162637656	14266	0.38083897847821	4	3	1	-6.95918009080673
chr7	102761800	108116065	0.327950301156328	596	0.101203206565957	1.46317489281545	22787	0.594912496893916	6	4	2	-6.74006989016717
chr7	108123256	128048098	0.333298832331876	1005	0.104458877824955	1.74156899326176	39205	0.78011283119447	7	5	2	-6.85537608621926
chr7	128074439	138021675	0.338460534271886	995	0.103175647593764	1.44435156857468	39039	0.625640744253789	6	4	2	-6.75556107929722
chr7	138036858	141081188	0.339815889910887	604	0.111128494432476	1.22868685386962	16376	0.529648202597207	5	3	2	-6.90583859310809
chr7	141105849	152306956	0.339393986494644	1223	0.103353684755905	1.49748524613604	49339	0.568258390562933	6	4	2	-6.73511711652254
chr7	152323834	152410518	0.117058977025901	100	0.158337161038262	0.961091453453599	579	0.556281418755673	7	6	1	-6.80856704272179
chr7	152410761	159261057	0.343289973315248	801	0.108653326008958	1.42488040476382	19907	0.618792510315589	6	4	2	-6.76563089097497
chr8	213654	43500515	0.4988963055826	3758	0.0999911942912243	0.964511612622694	101617	0.411295584429455	4	2	2	-6.92111696386069
chr8	46033949	145003393	0.498910280840859	4724	0.100120891818668	1.02548452102427	184238	0.446266247422154	4	2	2	-6.92454918726282
chr9	69434	214864	0.00869273084793831	9	0.19723082923316	0.56992919920873	102	0.266540651585789	2	2	0	-6.7553550471082
chr9	214908	33677434	0.00152813247641337	1432	0.0111178734267801	0.523740030009166	35530	0.23801967856713	2	2	0	-7.43917762182801
chr9	33737204	39036749	0.498846377556821	554	0.105352760867743	0.893155120498585	24355	0.339871546195818	4	2	2	-7.06221119657296
chr9	39040778	42975633	0.440469494563574	441	0.138365280490398	0.966029008556734	4145	0.410168795781339	4	2	2	-6.8582453519466
chr9	43034215	64499877	0.30358376633347	140	0.149197252295401	0.993505272506241	1923	0.430187359663479	4	3	1	-6.81188842557138
chr9	64499878	96727038	0.498871774403617	1854	0.10252467059466	0.988901037094822	67015	0.414601718032416	4	2	2	-6.74566123577546
chr9	96734675	98430157	0.24202380442599	245	0.112237055561063	1.90489616962493	11038	0.772296690557666	8	6	2	-6.7400077700148
chr9	98441699	127387481	0.498896658464787	1979	0.0962765994079372	0.985515940974074	73611	0.405117723290955	4	2	2	-6.75379655402352
chr9	127393052	137098027	0.498897433779313	1545	0.101540833141864	0.842164060363856	58729	0.291018255454271	4	2	2	-8.27462203746999
chr9	137102167	137103590	0.178437447810934	12	0.084528774014318	0.661247571853688	186	0.114889580437533	6	5	1	-6.78766707328801
chr9	137108423	138176464	0.475704934886636	166	0.117984071424469	0.849506529292066	7804	0.275191077119549	4	2	2	-6.97392284731185
chr10	47588	38383216	0.498892988347458	3190	0.105056808889154	0.9516903047913	90503	0.42499031369394	4	2	2	-7.02349218074436
chr10	38392938	39114427	0.319023167771581	85	0.142511061047936	0.770932011186648	567	0.406333294507033	3	2	1	-6.74114460760022
chr10	41860304	42075326	0.303129408021495	14	0.151807932439805	0.260314723838749	102	0.0978918639408824	1	1	0	-8.51467940789063
chr10	42079597	42279904	0.0904087101255724	24	0.148137030178632	0.732062326180218	235	0.360684697069514	3	3	0	-6.94909576220436
chr10	42279945	50407044	0.498865114974292	604	0.102122889624958	0.991835629286056	20472	0.402510666011306	4	2	2	-6.73484823099098
chr10	50444719	67663704	0.498836746228226	708	0.104870430676906	1.13591581109418	22533	0.49627208918767	4	2	2	-7.35214116251962
chr10	67691238	75422261	0.49885890839388	933	0.0965109015653345	0.850210829541898	34057	0.336339545737391	4	2	2	-7.64965921604669
chr10	75427450	92052648	0.323916978930778	872	0.106912614525076	1.55038032677475	42521	0.666750270071174	6	4	2	-6.76293441957462
chr10	92063579	103936043	0.342915045471189	1490	0.105771939892929	1.34664730630669	68039	0.557846320817202	6	4	2	-6.9903934361038
chr10	103963425	133622304	0.33136134575706	2570	0.102996438823597	1.50471461334671	91383	0.639814837512875	6	4	2	-6.7338517745341
chr10	133622477	133787106	0.122118282931888	9	0.112278794871417	1.42228792971946	179	0.799335128744316	8	7	1	-6.75127429063997
chr11	198665	997658	0.498880568332528	318	0.0839088742306337	0.829191973364125	8442	0.247985512041438	4	2	2	-6.99330509517592
chr11	1016665	1099604	0.357609112907927	71	0.141069368041392	0.772963521032314	1415	0.173374211885662	3	2	1	-6.75230929270886
chr11	1099802	45527968	0.498915173230312	3449	0.0956707742225066	1.02390148555169	108153	0.399884271402821	4	2	2	-6.82921103445235
chr11	45572190	48166074	0.498839056383304	232	0.0977094299767125	0.796648873677763	15387	0.33208364940164	4	2	2	-7.38300563721842
chr11	48175089	50553118	0.498840901391571	193	0.0843983967752844	1.02669231706008	4712	0.358740835459743	4	2	2	-6.74117020033287
chr11	54591430	56700571	0.498869101074698	127	0.095866833778803	1.06374343995294	4823	0.29853315053779	4	2	2	-6.78786085342196
chr11	56700635	56705771	0.093949539156811	21	0.0987420400649616	0.759251239550514	69	0.0950157096536616	8	7	1	-7.09568862954515
chr11	56740404	61125763	0.499025871151868	410	0.0751854264940187	0.978069438533657	16897	0.340626766667778	4	2	2	-6.74368342943179
chr11	61132295	124250452	0.498913759101088	4133	0.0979979281479193	0.932168469605134	196720	0.387359074960347	4	2	2	-7.76009172643764
chr11	124261053	124274783	-0.00319841251747544	9	0	0.57849181094593	77	0.129093340522768	1	1	0	-Inf
chr11	124309760	135064783	0.49885913696235	532	0.105698319225047	1.0130250077818	23940	0.381798109128523	4	2	2	-6.74118613677988
chr12	22477	5963983	0.327501967805087	854	0.110100169770039	1.44339816072052	26173	0.563236204695882	6	4	2	-6.75079473197704
chr12	5976347	31148954	0.332010700188471	2742	0.104055015104334	1.50164830776981	94650	0.648888466928034	6	4	2	-6.73322814329979
chr12	31149101	34523014	0.352506712567584	485	0.111274349494457	1.29570144525075	11462	0.610612029884292	5	3	2	-6.84760868095593
chr12	37418138	48564304	0.323737483316584	842	0.102001587533959	1.61762435968718	33206	0.671378708891964	6	4	2	-6.82300105010144
chr12	48564603	51452306	0.337226439075732	570	0.108980364332617	1.20161010756439	25781	0.424505440320283	5	3	2	-6.94028635373354
chr12	51454016	55685300	0.312082121542788	576	0.0996557232492369	1.42699640404738	31491	0.50347167132653	6	4	2	-6.78444452825352
chr12	55686364	57905021	0.329996768059659	258	0.0936886676684632	1.25379370477855	28717	0.386798238141845	6	4	2	-7.00528340110641
chr12	57912314	92781055	0.332950535239811	2015	0.104312161269654	1.65425157038136	78523	0.752156738845444	7	5	2	-6.96613531971229
chr12	92808950	108693967	0.346258946311591	1591	0.103431077485484	1.46063440618186	59330	0.656570667241607	6	4	2	-6.75730621547059
chr12	108706008	119913497	0.33995136891573	1042	0.109250044292625	1.23749317004539	57152	0.537351986783083	5	3	2	-6.91111845924915
chr12	119932124	123879894	0.326616730467857	497	0.114517530989538	1.10204691866937	34113	0.42523334710883	4	3	1	-7.1128804605394
chr12	123882564	133224747	0.336659108500311	750	0.109774272818601	1.33601016577433	32886	0.589643526498448	6	4	2	-6.94022987006121
chr13	18177561	18692949	0.498465349772778	73	0.15433320389158	0.881789026058116	928	0.385718793536672	4	2	2	-6.76550316284047
chr13	18693149	94266448	0.498890157167734	3754	0.102295708988411	1.07364142920242	125847	0.477019228028877	4	2	2	-7.61313824495907
chr13	94271239	114325598	0.498887127417615	1370	0.105629637664721	1.03721696695569	42946	0.424701662943209	4	2	2	-6.82365920497629
chr14	16057734	16402218	0.228755910118543	3	0.0719884249955042	0.616542543244463	23	0.173174955514333	3	2	1	-8.04150834823585
chr14	18289828	19936577	0.31927460973941	166	0.109578016972283	1.02540307946456	2820	0.315325957080388	4	3	1	-6.97027003344272
chr14	19975490	21768531	0.498870308045417	348	0.0997818420564268	0.880766496247006	10946	0.316317909150415	4	2	2	-6.90010039471332
chr14	21768947	22563269	0.499239826962701	135	0.0731900205251892	1.3514834039849	3749	0.420611985834455	6	3	3	-6.76191318217029
chr14	22564876	24429149	0.49885028527423	408	0.0915931293171208	0.919010989093968	17219	0.270980165656542	4	2	2	-6.83841530343653
chr14	24429352	34370353	0.498843094423415	445	0.092642326437967	1.06822182737686	15120	0.510915412442673	4	2	2	-6.83273938504835
chr14	34374273	35404361	0.498768135240492	146	0.132175375546291	0.739835265068886	4485	0.321243346069146	4	2	2	-7.23105746219403
chr14	35410243	78230223	0.498902120703675	2475	0.0947390803681962	0.960504108293039	108424	0.425761200498508	4	2	2	-6.94870519979549
chr14	78243701	88420988	0.498841628251128	336	0.100618005060877	1.15313787140925	11333	0.549173240740875	4	2	2	-7.12131565693658
chr14	88426135	105291681	0.498876627147679	1490	0.101172312369306	0.91464876757723	59232	0.360432641906086	4	2	2	-7.28996674074105
chr14	105296300	105890320	0.498642365247009	153	0.134618627056593	0.90325258716052	3587	0.287035609671452	4	2	2	-6.77704420250046
chr14	105891116	106638951	0.498820867123438	232	0.127699237933168	1.13003805907487	4002	0.258101473910728	4	2	2	-6.83302706376172
chr14	106639148	106643616	0.0676467383144961	23	0.0936564658570776	0.879997179220727	72	0.155323265808469	11	10	1	-6.91058489936163
chr14	106644803	106878743	0.498975192673781	59	0.0944538950054819	1.20594828872618	1177	0.264250026345671	4	2	2	-6.80320768145537
chr15	19841981	20399094	0.363955241183479	206	0.131917911691526	0.734918045141845	2369	0.292554959973978	3	2	1	-6.76670694983259
chr15	20418570	40523082	0.498858881274345	1340	0.10249454486055	0.996303400786473	47583	0.399943177364083	4	2	2	-6.73383797541791
chr15	40525281	88847343	0.498896918398534	2815	0.102127566327729	0.93414002237795	165341	0.382244195740155	4	2	2	-7.52428493611855
chr15	88847821	101980762	0.49888301584425	1347	0.103748688144876	0.949653107287178	34639	0.406475318725348	4	2	2	-6.85499951075774
chr16	11641	5170193	0.498896788330327	1367	0.10126635352325	0.831692196383409	44419	0.273502613238865	4	2	2	-7.87963913358102
chr16	5172382	32903643	0.498882123340747	2897	0.105755652242344	0.810451630244766	97195	0.347939136010709	3	2	1	-8.66885102586519
chr16	32918643	33958558	0.281641627168112	30	0.114005726817237	0.928460039571923	1123	0.331145892521168	4	3	1	-6.80959754511174
chr16	34064776	34573145	0.0979151805001566	13	0.129127843627933	0.606617926766358	253	0.260146247603954	2	2	0	-7.22438657042646
chr16	34573980	35599023	0.364273934644544	44	0.115912144593527	0.877684819972877	1172	0.507835861639642	3	2	1	-6.83428072075637
chr16	46386441	46437595	0.484545682129064	51	0.129994011928453	0.342626011475435	512	0.117138498985577	2	1	1	-7.04426004849369
chr16	46455290	58998615	0.498867623197509	1043	0.104363355654374	0.925877701001127	40214	0.378785124056214	4	2	2	-7.02484994849264
chr16	58999269	66438149	0.498781891225134	193	0.0987830419567971	1.18851998395377	7055	0.528895306171603	4	2	2	-7.17765544249663
chr16	66443907	69444352	0.000685533103814362	209	0.104711580936333	0.794163489627289	22035	0.273533205084498	3	3	0	-6.81238154045799
chr16	69446649	70680681	0.294247005378972	79	0.139888398509848	0.690793429842769	7322	0.300675778648309	3	2	1	-6.8336173846295
chr16	70692892	90075679	0.00153476764217686	1935	0.0542007956482289	0.438546616909538	42519	0.198531316959444	2	2	0	-9.68701149694884
chr16	90083937	90106232	0.498753875378963	9	0.176777245267722	0.5671460454712	77	0.248635833121378	2	1	1	-6.73652527960507
chr17	132172	21263659	0.498881300557638	2813	0.106487371050516	0.833070531098212	107033	0.323132258525892	3	2	1	-9.03400504660222
chr17	21266324	21305037	0.498523212231322	118	0.142055535769107	0.790106414808499	447	0.262033280125368	4	2	2	-6.75171957738833
chr17	21306610	21416556	0.102906440031456	77	0.130305041976343	0.865048493340263	365	0.389669333625276	7	6	1	-6.99685035065907
chr17	21416596	25074523	0.0774557976303059	242	0.158065110412322	0.878918473137242	2180	0.391290252467783	4	4	0	-7.10150532960818
chr17	25920162	26952458	0.228249085583332	13	0.111069163021781	0.465113141536207	153	0.199709172793766	2	2	0	-8.64873551992268
chr17	26952542	40478855	0.498862615125476	1505	0.101053587285068	0.836350488102924	64002	0.333980122728032	4	2	2	-8.44520687603487
chr17	40479645	41591022	0.498854197948513	258	0.0903395212764331	0.99496016912369	6943	0.286812031247226	4	2	2	-6.73328812267837
chr17	41622908	43359210	0.498862950267314	352	0.0906060072846914	0.739349482804963	14664	0.260975461732594	4	2	2	-7.87494969593385
chr17	43365037	43405469	0.0732002457021302	10	0.173693248125667	0.776743350460441	262	0.261444550452492	3	3	0	-6.83819500294736
chr17	43438614	45578558	0.47790817621857	379	0.0967460672300411	0.788168648355446	15029	0.28887406551149	4	2	2	-7.5262128964277
chr17	45581412	45590873	0.235985139422808	31	0.127479933061378	0.560264570994492	103	0.281104497697115	4	3	1	-6.76423996771124
chr17	45591449	46149614	0.498841194197876	250	0.108677267770774	0.879186218683406	2354	0.368202794616021	4	2	2	-6.77340898321593
chr17	46149820	46532132	0.367648458858833	258	0.135092687459571	0.737018898970299	1513	0.319342925148164	3	2	1	-6.77213577540155
chr17	46548981	51283030	0.498858395554894	658	0.105050041895182	0.855077135625515	25966	0.309420689799409	4	2	2	-7.37989334932161
chr17	51283148	83135542	0.498903403886032	3626	0.104206948279317	0.864785646976726	128195	0.353517505614146	4	2	2	-8.91161246720537
chr18	47492	93641	0.387462385636187	18	0.122982542998399	1.0127973451771	200	0.407051685598701	5	3	2	-6.74660885507982
chr18	108128	112320	0.192533371326518	9	0.12796494745741	0.198357641212546	76	0.0993073935870468	4	3	1	-7.45388837872252
chr18	117394	15350708	0.498877393207887	1468	0.102596221197804	0.985590368548876	36892	0.423848491960495	4	2	2	-6.74295886357051
chr18	20941007	22161641	0.498691955992539	86	0.119351641074123	0.80070745827408	4579	0.345371817388786	4	2	2	-7.02059286422925
chr18	22171187	63727288	0.498889976355603	2043	0.0957526514414139	1.03490082391222	75750	0.451638580509868	4	2	2	-6.87833332083529
chr18	63782818	80250865	0.498865268517903	864	0.0937016165222138	1.1268664531166	22171	0.480741797360527	4	2	2	-7.29330193947593
chr19	107329	876882	0.466102442954011	206	0.111434864842803	0.730373533518223	4777	0.263188951297276	4	2	2	-7.38099856677735
chr19	877808	879735	0.0900394732624751	19	0.148433398142772	0.234277291390536	65	0.147691485875117	1	1	0	-6.94628042034463
chr19	879743	21553986	0.49890571174533	4413	0.109939462112512	0.727341460014658	159365	0.266114907102711	3	2	1	-8.00979283896417
chr19	21566498	21637850	0.22211373929157	26	0.107593801651611	0.760339435863432	179	0.260590197354492	4	3	1	-6.81982576826493
chr19	21637961	24394239	0.498826888569472	168	0.109656458480623	0.80736694224818	9263	0.293207838048629	4	2	2	-7.50164216401975
chr19	27646333	32541404	0.498808309938334	117	0.0937949397152126	0.960573034926354	7341	0.441485459763105	4	2	2	-6.75671342049261
chr19	32543792	44614267	0.498902202142916	1940	0.0983756370217923	0.789225141632522	79611	0.29274541671229	3	2	1	-8.29625300981317
chr19	44615398	54554402	0.49888411146229	2673	0.112213433511716	0.736945846098811	80417	0.267214594818007	3	2	1	-7.84115046055008
chr19	54573977	54632735	0.138387788681942	49	0.163580972896843	0.811377199223151	561	0.161374010967811	4	3	1	-7.05835366176525
chr19	54636791	56182807	0.498847413443334	503	0.110604253157888	0.76396240617753	13771	0.262277250119606	4	2	2	-7.57601604378235
chr19	56190954	58599150	0.498860908907842	562	0.100024339499613	0.8341616722928	16397	0.293736432798258	4	2	2	-7.23565112966967
chr20	87623	25773465	0.498895504004983	1890	0.100599030259641	0.979751892567358	59608	0.418310490849136	4	2	2	-6.7676826893405
chr20	25773589	26168423	0.0521505666150702	43	0.185984159055851	0.937801745584885	506	0.427195523810503	4	4	0	-6.7850899024268
chr20	28559257	30838440	0.498642117553415	637	0.162276838234307	0.805460961923861	3069	0.347705079688363	4	2	2	-7.21819274872142
chr20	30838469	31248651	0.124695490974342	55	0.17773969352173	0.633837195708549	289	0.340001749358019	3	3	0	-7.07397874518974
chr20	31259408	63490858	0.498901499863352	3231	0.101414987486353	0.884293226210258	112831	0.368375371902542	4	2	2	-8.3451956643809
chr20	63493106	64327831	0.498816837123557	224	0.106067758789731	0.828985696334485	6307	0.256326044316767	4	2	2	-6.98839631017151
chr21	5034010	10372303	0.393702810590054	296	0.160662346094498	0.779837233724638	2311	0.356335077698985	3	2	1	-6.85586061886013
chr21	10372482	10434265	0.498590354538296	328	0.156632734066253	0.510569308758009	982	0.24781777435766	2	1	1	-6.73335737762892
chr21	10437438	10739746	0.396657380429282	191	0.153719682393079	0.66801646549767	1573	0.244227178590577	3	2	1	-6.87323090783818
chr21	13000242	13079168	0.464513865867589	25	0.151137828928873	0.639168469493093	177	0.320202297561458	2	1	1	-6.79377907290144
chr21	13113010	23558123	0.00176382059406399	359	0.0569069966267351	0.575898984961483	7641	0.277484449928011	2	2	0	-8.0413177237842
chr21	23643703	42568255	0.498889926014314	1522	0.102950292910518	0.974424196642836	46500	0.423808499931473	4	2	2	-6.77337228685491
chr21	42579873	46661749	0.494364478980366	647	0.11345149994715	0.901260298647743	17698	0.300175100337149	4	2	2	-7.01177146090191
chr22	10679289	11582657	0.4986400711932	572	0.159384794194676	0.666437313670828	2270	0.298317637266181	2	1	1	-7.19972406411041
chr22	11584442	12797360	0.230935960756162	178	0.148317446726578	0.841655386619476	1008	0.328063834480933	4	3	1	-6.93614789303221
chr22	15342394	16254890	0.498693134826735	88	0.0997355856394407	0.920067558295032	856	0.382163759631681	4	2	2	-6.75867743103513
chr22	16397441	16433986	0.140000212559126	18	0.105768337305975	0.806571388199441	84	0.352570884951754	7	6	1	-6.83732155689281
chr22	16433996	50744589	0.498910351353642	4739	0.103457871892135	0.844199101476525	149423	0.326390178308533	4	2	2	-9.85925028601408
chr22	50744827	50808263	0.497969873546029	9	0.159148602814407	1.09474184931611	301	0.452788833461738	4	2	2	-6.73466778745396
chrX	284193	3272256	0.00155950651871412	496	0.0591516463456081	0.359861006598815	6836	0.173754748248851	2	2	0	-10.1599582651036
chrX	3272523	57977737	-0.000245795563426521	1593	0.0241364045656329	0.493561079030672	79143	0.221243970020326	2	2	0	-6.83410746071365
chrX	63479271	155996516	0.00307900437632708	2249	0.041364856740579	0.509612515642082	108000	0.220511481915474	2	2	0	-7.14669626060436
chrY	11185998	56837187	0.0912559268909567	106	0.141535427292237	0.340427117496926	267	0.268351629026155	1	1	0	-14.6975810397996
chrY	56854825	56886905	0.392008295223069	113	0.146082677091242	0.77100524380668	371	0.299326255467281	5	3	2	-6.7844509050585
