chromosome	start.pos	end.pos	Bf	N.BAF	sd.BAF	depth.ratio	N.ratio	sd.ratio	CNt	A	B	LPP
chr1	61987	12827195	0.498902330074717	1555	0.089331753089369	0.855446898965539	57346	0.281594946878592	4	2	2	-6.73454443347917
chr1	12827315	121568263	0.498924423834746	6959	0.0960301835674226	0.844107828356139	283758	0.297798842263751	4	2	2	-6.79882560800325
chr1	125094663	248916508	0.195421338341942	7771	0.0981041438422908	1.06254938752638	324658	0.381021629871432	5	4	1	-6.73620697194948
chr2	41404	4266436	0.498848609929121	178	0.0954718400710713	0.819297276655686	5504	0.278158650865822	4	2	2	-6.78339168511331
chr2	4386176	5407295	0.497912822555523	12	0.207993371106491	0.598778703371993	282	0.372648624036829	3	2	1	-7.09861728975752
chr2	5621762	88526701	0.498913019222362	3994	0.0902177520073728	0.838810270835627	161796	0.306703001617539	4	2	2	-6.86229326258739
chr2	88526733	92075691	0.498536270354907	118	0.142742999933909	0.797989820216354	4200	0.264478559059374	4	2	2	-6.86165213803342
chr2	94194584	95939051	0.406343396248078	52	0.146810251685637	0.807623902313324	3511	0.267572484099674	4	2	2	-7.00962823883589
chr2	95939062	95954125	0.275249240189611	51	0.143637230959271	0.647446595462271	178	0.239824096543815	4	3	1	-6.75984761444402
chr2	96017963	97118156	0.49907478094595	68	0.0882853679249287	0.852440587033882	7173	0.276720255436158	4	2	2	-6.73309650093701
chr2	97151732	97163896	0.190966776325534	22	0.142080680999986	0.730003438476332	128	0.202319259283849	5	4	1	-6.7620152372152
chr2	97164367	104660675	0.498861059156864	388	0.091366408669752	0.843096000684307	15893	0.294426582348924	4	2	2	-6.73906068757371
chr2	104771663	242183350	0.329878218807201	5463	0.110999848826263	0.638021605019341	213313	0.219123097537132	3	2	1	-6.77878306991557
chr3	51248	90208408	0.498921194520748	4331	0.0910045216364827	0.849570487651108	186425	0.29528620872658	4	2	2	-6.73889045437271
chr3	91357428	95414452	0.281384154381985	31	0.109597347114899	0.768595984725245	1497	0.35136484199696	4	3	1	-6.97738318860731
chr3	95415089	195663766	0.498916579387207	4719	0.0911050219613523	0.841457937726476	173992	0.301636419646115	4	2	2	-6.83704520514086
chr3	195664311	195788469	0.498627227416199	206	0.139059598260386	0.813924142846628	1758	0.318602590412414	4	2	2	-6.73463506812988
chr3	195788679	198120733	0.498826381524643	334	0.0983881503501663	0.861253178547067	10961	0.3101706115705	4	2	2	-6.73475029536436
chr4	46281	3485708	0.00769394920983851	427	0.0614737999561979	0.436359503370566	12869	0.146448683510709	2	2	0	-6.75208838777222
chr4	3491060	3698075	0.445528063343025	21	0.0816217758059348	0.823112262417799	473	0.332763754377053	5	3	2	-6.98045073055906
chr4	3778643	4157210	0.34031202586967	31	0.178140713983341	0.57373635033156	358	0.347210241792179	3	2	1	-6.75670147712469
chr4	4172385	5017326	0.01155283648003	68	0.11973208587534	0.51577615795703	1273	0.269553774857553	2	2	0	-6.95339083395698
chr4	5299011	5729219	0.499172133513074	34	0.0875959621482077	0.848517420498859	864	0.275956269810803	4	2	2	-6.73314578931298
chr4	5733155	5811051	0.00202711158677749	14	0	0.410056641944261	245	0.120270757885734	0	0	0	-Inf
chr4	5828666	8952396	0.498868877829823	332	0.0820138126210096	0.849323291223847	9551	0.291618124527745	4	2	2	-6.73339026960572
chr4	8954343	9716757	0.498611056662419	175	0.133722418668358	0.830756302742963	1567	0.354111990133697	4	2	2	-6.73545586906806
chr4	9723545	49061855	0.498885185758472	1490	0.0981425181685782	0.842695527624699	50142	0.322802200491657	4	2	2	-6.76127704843931
chr4	49092084	49158604	0.498138922573988	23	0.194160532171099	0.156234312850394	96	0.166167892268791	2	1	1	-7.9389709954537
chr4	49158612	49627330	0.498496667681163	71	0.152411611750477	0.62903290797686	389	0.261677309811326	4	2	2	-7.08960006635274
chr4	49627355	49711644	0.0317340773171191	9	0.111	0.277371594766507	29	0.431453723209032	1	1	0	-6.75502312421732
chr4	51848345	52364773	0.303783578912875	29	0.0837892471086504	1.25668928930694	1138	0.450600793536874	7	5	2	-6.79930521456843
chr4	52400998	56731383	0.0677460345384142	939	0.0539555041045721	5.46653406035983	39214	3.29191481803642	17	16	1	-6.78764414810415
chr4	56738551	57720607	0.0395809361606199	456	0.0380389909217515	9.66528153942476	14166	6.08461729440569	20	19	1	-6.79671425036471
chr4	57721150	59267019	0.0766363268463987	119	0.0619605148307488	4.71552707032439	2727	3.69375932490081	14	13	1	-6.75016471082789
chr4	59377449	61496629	0.0189024044605798	25	0.0461296361716991	0.441952182719417	340	0.215047109834576	2	2	0	-6.77456102571765
chr4	61562717	61668809	0.103486142510678	11	0.0694173151048327	3.38029429769342	273	2.72640871918355	19	17	2	-6.73414032094304
chr4	61677239	62585175	0.0114186788898668	18	0.0158802709843361	0.409717406899978	547	0.149535214337375	2	2	0	-6.79626010335845
chr4	62615326	62866609	0.189251456569082	25	0.083914579583447	2.36078112892512	344	1.54266843309488	11	9	2	-6.73637582493653
chr4	62874800	63735549	0.0768199976201106	65	0.0622734162013344	4.60005027407255	1418	3.3113316663958	14	13	1	-6.74481366856099
chr4	63766931	64148803	0.0215791469541028	49	0.0255005668871228	15.5618027151031	1861	9.86195830648212	1	1	0	-6.77908832195
chr4	64171074	64409219	0.090115663464327	29	0.0530777615246998	4.88729569512741	696	3.07295726547523	11	10	1	-6.74246895456561
chr4	64416780	65136484	0.179381540402637	37	0.116967103509078	1.97314682324801	836	1.20079309166307	11	9	2	-6.74179882944896
chr4	65324037	68974016	0.0111252207870642	76	0.0232141215340252	0.411254302343123	2908	0.150959417266598	2	2	0	-6.92686642787339
chr4	68996952	69796440	0.0825718078885298	58	0.0752470020184503	3.96414492720174	3963	2.3918208907524	13	12	1	-6.74619918719635
chr4	69804546	70480984	0.388278461630397	56	0.106722427930481	1.20930825467146	1626	0.565325156624619	5	3	2	-6.76231670694234
chr4	70491394	70522032	0.085448984258367	10	0.0449222785609892	4.64644100003298	195	3.22799379620653	12	11	1	-6.73382075287202
chr4	70522662	75876797	0.00854191482770339	201	0.033341427624202	0.422668806030079	6584	0.151749283590441	2	2	0	-6.77952544549
chr4	75881487	75911530	0.498054999922627	18	0.219496549617796	0.638272089807088	180	0.278093090878377	4	2	2	-6.75248398486997
chr4	75917955	76082063	0.00484223446241838	31	0.093623508214137	0.4295651605054	603	0.169044062935831	2	2	0	-6.73486276510133
chr4	76089547	76112572	0.498732861454349	9	0.153925126098517	0.836876251341499	173	0.228651759451828	4	2	2	-6.7331570239782
chr4	76130496	83206437	0.00667841893001841	253	0.0269180917361186	0.424944921794409	8223	0.156908982395697	2	2	0	-6.76995543504678
chr4	83308139	189732627	0.498911513174086	3728	0.0946438409108723	0.839009133471573	134186	0.313700728179566	4	2	2	-6.8862771990167
chr4	189757841	190179679	0.419812654116387	40	0.169342953492125	0.731922095871179	480	0.327809634600718	4	2	2	-6.91864067723637
chr5	36514	413658	0.129166704630149	39	0.122043320995989	3.01239285796116	3441	1.56886427768481	15	13	2	-6.7343476968287
chr5	483152	843508	0.498133740595267	54	0.168719343826166	0.456533591340624	1182	0.152650122934323	2	1	1	-6.76520308573705
chr5	843581	1115861	0.321029852320059	42	0.0957320835637723	1.3438753583915	2052	0.389676432574379	6	4	2	-6.74788471463485
chr5	1127214	1312752	0.131185752016034	68	0.0986141136718095	3.23285956242499	2903	1.45281104022899	15	13	2	-6.73365806820444
chr5	1320607	3098389	0.020446890520489	78	0.124662837994421	0.46024104665383	1684	0.184192025378003	2	2	0	-6.87541240811196
chr5	3136923	4830577	0.168568348144016	114	0.107821691489798	2.3689564808889	2681	1.82433293372551	12	10	2	-6.73453213388286
chr5	4864112	6693083	0.00616828291037386	64	0.0254349465880412	0.415609568745476	1536	0.143393802196601	2	2	0	-6.81107495448139
chr5	6725191	8166022	0.113751365204527	112	0.070203555846832	3.48971132654206	3903	2.12581776900045	18	16	2	-6.73483466095271
chr5	8335371	9914358	0.0351951837807989	19	0.0832760153756297	0.570903169444124	791	0.650077914791737	3	3	0	-6.83255676169135
chr5	10000705	10308362	0.308579262793737	21	0.0896875794341775	1.41758084618648	964	0.525480824886066	7	5	2	-6.7691391602276
chr5	10322431	10845006	0.00108190323440083	16	0	0.444418574100542	815	0.201350120226986	0	0	0	-Inf
chr5	11028784	11831541	0.146385804249626	27	0.0988808889494335	2.19578245156612	1702	1.25125352932334	13	11	2	-6.7530574609098
chr5	11858656	16704742	0.314225677728439	296	0.102068544240214	1.36004586210981	9932	0.587325728971077	6	4	2	-6.79235157918683
chr5	16711342	16816771	0.148047931306722	42	0.0847683219653837	2.2739014737859	987	1.06195871322858	14	12	2	-6.73837761328299
chr5	16818254	17355026	0.240804242863047	122	0.122547123949943	1.8697505355208	2854	1.18693578312653	8	6	2	-6.73958280500998
chr5	17392188	19028865	0.00859484965262258	25	0.0452668016689199	0.471119852935807	450	0.209362693527828	2	2	0	-6.91142116388802
chr5	19143320	19899257	0.307968871549758	41	0.0807889074129339	1.52881466058444	835	0.912249901995944	7	5	2	-6.77380980065842
chr5	19920811	22105419	0.0821975265721162	250	0.0931406192583198	4.46389408989451	7050	2.72616960502531	20	18	2	-6.75743321474071
chr5	22197346	24813165	0.20260696068018	157	0.119033652947609	1.99466508830299	3956	1.25940004666951	10	8	2	-6.73664352057561
chr5	24823242	28063242	0.00369397703136642	22	0.0132184444140478	0.432150846697334	887	0.3017316512353	2	2	0	-6.86692304181057
chr5	28526266	29363941	0.116115750826484	73	0.0913191919859235	2.97240104769955	1107	2.54982031839264	17	15	2	-6.73624478040336
chr5	29396541	30086430	-0.00350069493198324	20	0	0.44848572723712	191	0.201405174759613	0	0	0	-Inf
chr5	30176633	33812008	0.151025220507615	659	0.0892737404002737	2.79037356520266	19548	1.66139919596839	13	11	2	-6.73434349697119
chr5	33881147	35184256	0.0127862677732953	63	0.0957278929731954	0.464579113653868	2100	0.283913169772442	2	2	0	-6.78969285743674
chr5	35315381	37213624	0.242416832317653	182	0.108701117765461	1.72433499005221	7877	0.809600213942283	8	6	2	-6.73749246102246
chr5	37224383	37616298	0.102371374458026	149	0.070698147763748	3.79912559772391	4978	1.95602763985716	20	18	2	-6.73401870047454
chr5	37641312	41149133	0.194011517478283	366	0.0983202720901698	2.16131143390227	12580	1.03364363634074	10	8	2	-6.73707845192304
chr5	41149808	44808779	0.395304197272991	114	0.125957887945878	1.26524719209616	6063	0.573191565595364	6	4	2	-6.87018079636432
chr5	44883228	46381425	0.220021124439235	34	0.122535818183778	1.94731752662943	1393	1.27327978073585	9	7	2	-6.73375408409808
chr5	49600577	49661637	0.000679443956714487	11	0	0.027264741947458	34	0.0413993636228614	0	0	0	-Inf
chr5	50269093	132204171	0.498906604516558	2997	0.0941730990791381	0.839399732640064	104593	0.315234646857938	4	2	2	-6.84379413092458
chr5	132210587	133089773	0.0150909074851953	46	0.0280239717950379	0.438960440605523	2928	0.139566474861852	2	2	0	-6.76328087125397
chr5	133098957	160785809	0.498910312033763	1646	0.0900279137541461	0.844378132485656	75367	0.292931895057218	4	2	2	-6.74939987283005
chr5	160842021	168827057	0.368822229093266	199	0.111025172389493	0.69597186744381	6954	0.301246447297631	3	2	1	-7.12068851894827
chr5	168933314	181281814	0.498883838315551	1214	0.102190370424411	0.851432677437333	40936	0.308657227593227	4	2	2	-6.73315926652703
chr6	171003	32475433	0.492376824967578	2842	0.0917545438055974	0.846025691575161	87408	0.296934789415727	4	2	2	-6.74865056463594
chr6	32475446	32584298	0.498131726179261	33	0.188162652277547	0.183357475112092	105	0.18940472007146	2	1	1	-7.83078902886476
chr6	32618459	32742444	0.240676425375743	41	0.11290219704488	0.777804838134647	242	0.316583182821974	4	3	1	-6.74581268422115
chr6	32742530	58123392	0.498901640241681	1910	0.092176872264534	0.852478684491759	78265	0.285881084136507	4	2	2	-6.73313966192236
chr6	60491023	103332639	0.480461667494973	1048	0.0974881712033518	0.767625524289115	42783	0.285533407244162	4	2	2	-9.04961526692526
chr6	103503695	104903048	0.125743212490507	21	0.116934434213203	0.494710031414515	750	0.199699141329198	2	2	0	-7.65277408668027
chr6	104906571	107465548	0.498773656090874	163	0.103133999748447	0.81656408746824	5512	0.371419521616833	4	2	2	-6.75331870231793
chr6	107470009	109761736	0.125009634449164	91	0.133024523338833	0.529492090635297	4664	0.206961734092143	3	3	0	-8.16707608528591
chr6	109767636	112109683	0.428244675455199	177	0.0993997579981325	0.811854047504532	5990	0.359090333703257	4	2	2	-7.05594502956557
chr6	112114061	118843357	0.123419838647369	132	0.0888842422064057	0.476272078232529	5954	0.169300691161394	2	2	0	-8.75864619026939
chr6	118856317	119120151	0.498806445361571	20	0.0949450117866015	0.678584575456948	680	0.211592986757506	4	2	2	-6.91117327371352
chr6	119180453	120874652	0.105555227222732	24	0.120018469291249	0.495229012211018	501	0.251690171050824	2	2	0	-7.39156826519127
chr6	121080562	121334246	0.429893549550563	11	0.0920334919274697	0.714108260005757	397	0.205208284165344	4	2	2	-7.17326953757311
chr6	122901284	170736839	0.1138546590267	1756	0.0986774679984641	0.47791973385584	57336	0.170384646025232	2	2	0	-11.9222058724181
chr7	37991	58091475	0.40647527565977	4257	0.103375276735359	1.0637046913127	137179	0.395749252826447	5	3	2	-6.73491360139924
chr7	60981490	60985118	0.0582658880076914	9	0.0709103502866667	0.430720117146454	21	0.203006028528829	1	1	0	-6.93016339602628
chr7	61866134	100952551	0.388131838007215	3017	0.112899492110418	1.06187611517344	116738	0.419517728850796	5	3	2	-6.74075102177439
chr7	100952563	100960725	0.119253682907536	65	0.101784703966453	0.790829350607676	641	0.220423628142286	8	7	1	-6.79449685276169
chr7	100960738	152358767	0.394583352251166	3472	0.101610152522487	1.05649411817764	140406	0.395155474862032	5	3	2	-6.74284888098447
chr7	152379803	152416512	0.144701502603133	92	0.146716407169831	0.646099735999359	298	0.581240992586316	7	6	1	-6.77783577434475
chr7	152418276	159267589	0.390617744243288	598	0.0994731502919428	1.06539212150244	15553	0.42140060922573	5	3	2	-6.73943320229946
chr8	223619	43691487	0.202937453053901	2633	0.107701114364036	0.782124268963129	80884	0.284607935281975	4	3	1	-8.60348224913834
chr8	45952323	145066250	0.37840963060424	4508	0.10283730742736	1.00118825118751	171658	0.3821435005192	5	3	2	-7.95376984743345
chr9	117877	42975562	0.337278412841002	1954	0.118976056812359	0.639157556042112	57197	0.273450632265474	3	2	1	-6.73692337998586
chr9	43038706	66243651	0.356732151799166	167	0.1529837967252	0.735970406757802	2086	0.3198038037079	3	2	1	-8.60743874380121
chr9	66317580	138177044	0.498917323860202	4890	0.0953495280940943	0.857739716765709	194969	0.298313955717761	4	2	2	-6.75361345185848
chr10	48874	3554755	0.00490955131898951	125	0.0471822232789892	0.433640126359122	3728	0.152519693089109	2	2	0	-6.74512591569399
chr10	3628736	11946926	0.327529142568393	558	0.105147114037584	1.26684607921118	19927	0.51540942380814	6	4	2	-6.73622225190026
chr10	11952290	15430277	0.253402421846905	672	0.110664339648069	1.74280426466661	20969	0.813851847385102	8	6	2	-6.73561417151586
chr10	15438065	17290801	0.315223558094196	210	0.110052791346321	1.39219153377409	6092	0.567765525907033	6	4	2	-6.77834932543586
chr10	17295789	19729973	0.255515659948142	275	0.109962588558783	1.68996967841226	8781	0.818526645059822	8	6	2	-6.73394966384434
chr10	19772334	22082896	0.498839852251686	106	0.0956486457414077	0.862867837304425	3890	0.345034471388078	4	2	2	-6.73493053020218
chr10	22102513	23736701	0.225659576907587	180	0.108771427036427	2.10747152853993	6614	1.11036762969018	9	7	2	-6.74123875234632
chr10	23737502	26336902	0.00225941927563983	75	0.0351585956324602	0.42440463280467	2875	0.159567948920557	2	2	0	-6.77395349736331
chr10	26362695	27306637	0.24578141495991	177	0.114363123925597	1.5893978242458	5471	0.687907792851431	8	6	2	-6.73942563531028
chr10	27334211	27414305	0.499428974449795	16	0.0512672735117963	0.795172714080305	247	0.280801782271579	4	2	2	-6.73602332528491
chr10	27436168	28332892	0.30049429374611	30	0.15042008608843	0.644246994552991	1249	0.253981633093379	3	2	1	-6.76565756493499
chr10	28351109	34806411	0.00451087406726464	258	0.0370030695879384	0.418570166975897	7256	0.16271475072724	2	2	0	-6.8575167457189
chr10	34873236	35059982	0.0340581107589577	140	0.0301868249202645	11.1349143910667	5144	7.57391262141949	1	1	0	-6.89742547991481
chr10	35060646	36315181	0.0619426481685426	260	0.0591616988283518	5.33696546767684	8260	4.75041043328848	17	16	1	-6.73897083803105
chr10	36438285	38646502	0.0181654713152496	30	0.0678353398556632	0.423688983857018	2210	0.188403693030839	2	2	0	-6.75088238053173
chr10	38646556	39475690	0.475764850651006	24	0.171938816215941	0.499503752564223	175	0.293225373624579	2	1	1	-6.87058727083224
chr10	41860304	133622519	0.333190256378726	4356	0.113072048422453	0.637549952281915	162756	0.220192681682538	3	2	1	-6.77165114194833
chr10	133625834	133787106	0.498749451394834	9	0.241379426997782	0.522513003257246	64	0.313524349308195	2	1	1	-6.76985349447126
chr11	197557	883394	0.499063371231459	283	0.0875007932414522	0.855212216334947	8637	0.226280937558911	4	2	2	-6.73320065978884
chr11	972603	1018355	0.495352861669568	40	0.141514618253688	0.765552608402505	687	0.229934242205467	4	2	2	-6.73963600585279
chr11	1019853	4346343	0.498862235830207	476	0.100673191013129	0.840916567844628	17011	0.258161229353963	4	2	2	-6.73839213363417
chr11	4347106	50631351	0.498920079585417	2561	0.0889268903786369	0.84153915566006	96114	0.283193643776853	4	2	2	-6.7871775309644
chr11	54568643	55084545	0.19311335908551	20	0.0733638911612231	1.89461741764683	673	0.573721458110243	10	8	2	-6.75195686044857
chr11	55268197	56020816	0.34151759717631	94	0.0908890334615182	1.26932121352256	2402	0.394627812513258	6	4	2	-6.73668426694701
chr11	56030676	56971203	0.214852990782975	118	0.107318379300608	1.62355704326088	3570	0.555546496095288	9	7	2	-6.78375885044566
chr11	57018744	57883302	0.499036341542251	81	0.0804619475280085	0.857126164456107	4721	0.325338058449398	4	2	2	-6.73328072441027
chr11	57910795	66616617	0.00793464168115943	808	0.0302620577712809	0.435522585269256	38942	0.132882788802159	2	2	0	-6.77714497885409
chr11	66638420	66975689	0.498773916523999	41	0.114356774837434	0.881842153558286	3058	0.434467593108818	4	2	2	-6.73435448779693
chr11	66979142	67234954	0.131550890248916	87	0.0927826803261853	3.03700349380477	3942	1.59829970343041	15	13	2	-6.73368092126995
chr11	67246189	67365009	0.454236974963206	14	0.0381978654256612	0.835943812652597	1245	0.234995465097922	7	4	3	-7.38282816503202
chr11	67383632	67949709	0.108611782689273	236	0.0783368791989145	3.6784889146138	12826	1.49303486321941	18	16	2	-6.73431916741243
chr11	67949893	68487530	0.0786948734796124	286	0.0572855184318827	4.99736733110323	12381	2.90902496225331	13	12	1	-6.74663288280087
chr11	68493825	68742819	0.499103005776502	22	0.0746579066831038	0.873968171488306	856	0.283099906330356	4	2	2	-6.73430551553909
chr11	68752210	69712993	0.0821709789509731	353	0.0632493401322869	5.0703964528848	13545	3.01288287920682	13	12	1	-6.7590107022099
chr11	69740524	70132159	0.179750609363099	79	0.100773495057329	2.36151033854584	1962	1.58582802132221	11	9	2	-6.7336699871535
chr11	70132252	70239410	0.11131106766349	47	0.082679513439822	3.70073423126538	1837	2.52860793565737	18	16	2	-6.73307800368604
chr11	70250479	70882043	0.267054469317027	107	0.0909222463189472	1.74453647675641	4020	0.714082997645426	8	6	2	-6.75165899453826
chr11	70885043	71119367	0.127244406670001	40	0.0680919250455607	3.19701908714136	1670	1.45595058012576	16	14	2	-6.73345684564507
chr11	71126968	71596040	0.345323560900598	96	0.0878350702248453	1.19108107744902	2068	0.445695447116896	6	4	2	-6.74859750460378
chr11	71619389	72669208	0.196710574719979	252	0.107496272578288	2.01630625637432	9766	1.11259805754993	10	8	2	-6.73530531951394
chr11	72692635	73343423	0.299394669637767	71	0.106480141449656	1.57876205915462	4278	0.711327577213145	7	5	2	-6.74410733823071
chr11	73360218	74396706	0.499003347091255	135	0.0902559238250701	0.940270674860361	4918	0.473892529050089	4	2	2	-6.75978817734141
chr11	74457937	75478112	0.293971532122057	127	0.112226413575468	1.44181029931422	5792	0.680018590074352	7	5	2	-6.73651755182282
chr11	75493577	76319835	0.127150066140492	73	0.119775365279568	2.38550331690674	3640	1.42536055730699	9	8	1	-6.75377739315193
chr11	76332774	77120576	0.105733296056443	205	0.0790629385643091	3.76180378717211	8228	1.89168330618176	19	17	2	-6.73360593818478
chr11	77129752	77617695	0.0777526650753889	177	0.055274713149083	5.25562074104055	8443	2.54107261717967	13	12	1	-6.75203478850309
chr11	77619342	77777763	0.120264873279526	48	0.0853996757015451	3.22896280435924	2045	2.07390017951829	17	15	2	-6.73352119480627
chr11	77785791	77843899	0.257682016770738	16	0.11953458355918	2.18280312095795	346	0.78550410822469	12	9	3	-6.73628335201884
chr11	77855311	78150352	0.0822912808732468	252	0.0625305059301769	5.32213714175827	6148	3.49598285201035	13	12	1	-6.7418449016367
chr11	78150820	78591214	0.053376981528336	168	0.0379116823509935	8.0649636584976	7937	4.99621040235038	19	18	1	-6.73819223605783
chr11	78603456	78824212	0.106686850190444	47	0.0732271060856561	3.47270620684307	1940	1.67337807977173	19	17	2	-6.73406458553238
chr11	78836332	79999245	0.0669908987158676	118	0.0646576963898979	5.44982049170311	3614	3.99931948555354	16	15	1	-6.74457037458764
chr11	80026720	81863355	0.174692615812524	99	0.114087865360298	2.56876837852987	1938	4.67001146341784	12	10	2	-6.73522779147753
chr11	82025623	82997444	0.0297471368443073	18	0.055094363494725	0.433457666138135	629	0.160387962318734	2	2	0	-6.81028149365725
chr11	83672197	83797814	0.238010977040404	18	0.0720504770409611	1.65828140821978	326	0.639774690851608	8	6	2	-6.75336902539206
chr11	83930592	85111754	0.124701539037941	53	0.100448276807011	2.24773800455282	1349	1.90468782012243	9	8	1	-6.7466345249533
chr11	85124961	85745660	0.294929150329738	25	0.108688361842471	1.36260342455768	1712	0.575137973362906	7	5	2	-6.7445541751705
chr11	85776129	88218479	0.0678486634657078	483	0.0519810146516265	5.65060989497936	16575	3.57620716390425	16	15	1	-6.76701948885103
chr11	88249689	88604945	0.0186424064473689	17	0.0307358288723533	0.412589990070772	331	0.186294870707606	2	2	0	-6.79103142954397
chr11	88630874	90541108	0.180297766250559	132	0.0997214751196866	2.17312929927628	5092	1.02415357913586	11	9	2	-6.73866826610067
chr11	90627002	91690238	0.088472476192045	65	0.0866249320124053	4.48521999995975	1759	3.74520475403941	20	18	2	-6.74534579031479
chr11	91833610	102047872	0.00674987821093043	246	0.0383877514634436	0.419035536441642	8266	0.146253035520105	2	2	0	-6.93537585980703
chr11	102137975	102241951	0.129559277477603	11	0.102998411285188	3.61538890466157	768	2.35153853957142	16	14	2	-6.73381455105794
chr11	102284791	102473061	0.340371345691969	12	0.13909469196678	0.980548048973373	594	0.641278005470697	6	4	2	-6.75287641981045
chr11	102524926	102747319	0.0516798131918638	86	0.0426826484831032	6.8519710612657	3200	3.08741512130325	20	19	1	-6.73648801625878
chr11	102771945	102865911	0.139583273604562	13	0.0880053174384133	1.60307990800694	725	0.760392735361705	7	6	1	-6.73581393782035
chr11	102945614	114016638	0.00319100870783368	345	0.0286126923667784	0.424283540284505	13874	0.1611979280686	2	2	0	-6.81853341479953
chr11	114146568	118392673	0.498863700201763	281	0.0905228948056002	0.846888408005264	10690	0.287195844865021	4	2	2	-6.73431703585293
chr11	118409221	118462831	0.155085756001021	9	0.17022640152978	0.862270983614179	300	0.405883638681565	6	5	1	-6.76658729569342
chr11	118474402	125310225	0.498890736390762	719	0.0870448120197483	0.845407540123366	24996	0.275712730042197	4	2	2	-6.7365481196712
chr11	125351514	134618750	0.00890623544683322	312	0.0198081781388557	0.419576470863276	10745	0.137558756740526	2	2	0	-6.91926716144094
chr12	12820	60104	0.498427463104447	18	0.138951112858825	1.08625291322001	116	0.444377542102476	6	3	3	-6.73675412696863
chr12	125962	9294800	0.00454246897588911	958	0.0301828250065087	0.63781482789298	32619	0.211735618243713	3	3	0	-6.73972245337219
chr12	9294888	9311645	0.498315900950162	9	0.164617064054058	0.622561438225518	171	0.160639457677487	4	2	2	-6.77124963530939
chr12	9321286	25773916	0.00470500938245644	769	0.0628634872295357	0.640168933326348	24165	0.242122113749964	3	3	0	-6.73414535156344
chr12	25803274	25804028	0.498898277952651	11	0.15047349509888	0.680903878125912	27	0.240040120103409	4	2	2	-6.73345709736621
chr12	25804106	34672973	0.00823348777933253	518	0.0472650744542745	0.62395638039946	14182	0.23384496504265	3	3	0	-6.8057432700035
chr12	37420043	45478101	0.372899968691448	333	0.111662630198029	0.663964525930803	10234	0.252009221651263	3	2	1	-6.88997799305132
chr12	45558713	133226507	0.265626752636488	5753	0.106770993428733	0.876628494612818	253411	0.309567098994913	4	3	1	-7.15226347822671
chr13	18178016	18298669	0.306057617156204	13	0.161173620352202	0.0636948024452769	47	0.118141372532203	1	1	0	-12.0832741133669
chr13	18317712	114353899	0.333566219713283	3321	0.115860256686343	0.633345534130269	106476	0.252827415337938	3	2	1	-6.8697123055127
chr14	16098225	16098268	0	1	NA	0.205	2	0	0	0	0	-Inf
chr14	18314240	105743156	0.336844923455181	4664	0.109202069163483	0.638816468413124	169707	0.222068329319402	3	2	1	-6.74880350921188
chr14	105748799	106874913	0.327277425316708	253	0.115701558407746	0.57358476596956	4355	0.166495244661466	3	2	1	-7.0250736609865
chr15	19858910	22585071	0.461235284775268	271	0.166861338543104	0.524439939115027	3216	0.22537715903819	2	1	1	-7.81573855671005
chr15	22609043	59218020	0.00655793093151963	1915	0.0649690587131931	0.426804441410828	66883	0.147679697543444	2	2	0	-6.80430647237103
chr15	59227618	59351140	0.496089090755847	9	0.228972038564634	0.853745023786531	205	0.246752231885951	4	2	2	-6.73320892107026
chr15	59390479	66328898	0.00812274257098866	376	0.0443752118364737	0.436291405669771	14557	0.158165079051624	2	2	0	-6.76483168029326
chr15	66346216	70255467	0.311482767301213	370	0.112442896108972	1.30375266832427	14601	0.556600813079963	6	4	2	-6.76202515484914
chr15	70257453	82941220	0.28999992745512	1132	0.108440379456575	1.54414521331732	66949	0.661473452182544	7	5	2	-6.76006292942855
chr15	82962071	86379171	0.247373031661867	424	0.0991119355380131	1.79262505119711	16534	0.743711307211421	8	6	2	-6.74538110240221
chr15	86380419	90181231	0.287881689325044	417	0.101828020706736	1.48044345968629	15503	0.560827118180343	7	5	2	-6.73314295777662
chr15	90181282	93272819	0.207109928616948	695	0.0920720493340477	1.93246910035937	20041	0.818524574125607	9	7	2	-6.75243050785615
chr15	93275945	99234700	0.346435601643916	295	0.103761031317012	1.10214421534323	7264	0.50936132338509	5	3	2	-6.91134265517827
chr15	99238149	101954215	0.276127046776944	371	0.0980641707441616	1.53950439817717	10602	0.606502142606175	7	5	2	-6.74612346864467
chr16	13098	33742007	0.329317617446687	3175	0.113164653482924	0.648422620798728	117972	0.219564580671031	3	2	1	-6.78595575808415
chr16	33745386	35344134	0.324763497463982	70	0.157739804623731	0.515147632936622	1481	0.188727385665062	3	2	1	-7.81011007820452
chr16	46386441	46401545	0.443708426355565	61	0.123880133321263	0.422523981449938	788	0.0946992929245281	2	1	1	-6.85477311447174
chr16	46582190	70120301	0.00778885662320467	935	0.0391563490438225	0.432291948454823	42637	0.14971453514544	2	2	0	-6.74719479556641
chr16	70123202	70166061	0.116305544592364	45	0.163494036588495	0.441560606820103	636	0.149871526313521	2	2	0	-6.97729018799258
chr16	70203647	74350398	0.0076713958530763	220	0.060538858798771	0.438913996104567	9886	0.15429714064449	2	2	0	-6.77386527121535
chr16	74359827	74434403	0.369425754959685	32	0.184016016023676	0.417652791135119	408	0.156779190821255	2	1	1	-7.02251340198823
chr16	74467958	90062356	0.00643569087762569	1196	0.0326091072699004	0.437336812130996	29604	0.155147184992788	2	2	0	-6.83828735878183
chr16	90066627	90095932	0.413790875423656	9	0.18247998368162	0.42462289699633	127	0.144249113599194	2	1	1	-6.86419500959391
chr17	137603	25074523	0.332607941877972	2918	0.118003174098963	0.653836123786722	92440	0.226210623147337	3	2	1	-6.84141400571196
chr17	25920193	64871859	0.498913391049181	3174	0.0941946018681294	0.866705716712829	173667	0.298880283771757	4	2	2	-6.80705321664705
chr17	64919454	64921839	0.108960342756196	10	0.0854215689650129	0.945366942365	27	0.22323708220588	9	8	1	-6.74838231078947
chr17	64928300	82128528	0.498918451219796	2365	0.0879290065938276	0.877237463956488	79609	0.296131038092291	4	2	2	-6.83045532786646
chr17	82150316	82151397	0.264278508776023	15	0.143241288274948	0.491984073143892	37	0.20294616810166	4	3	1	-6.74181496805052
chr17	82167905	83194874	0.498768135240492	146	0.106154193961459	0.874721253589474	5892	0.280883500188907	4	2	2	-6.73843487619621
chr18	47554	93641	0.228156886023145	17	0.1115504370229	0.763293779175912	162	0.332603459322488	4	3	1	-6.76455736853664
chr18	108116	116749	0.172763240281886	15	0.116872865399402	0.18213928134757	67	0.0932623025570629	1	1	0	-7.63941720874017
chr18	118580	15333334	0.498873902626818	1148	0.101406029530122	0.876141531565907	30860	0.455884342327859	4	2	2	-6.76672430641551
chr18	15341306	15379034	0.18800096751305	11	0.122266995472279	1.53251357865201	87	1.34346685792493	11	9	2	-6.73622897285919
chr18	21006644	80251092	0.498898938348748	2170	0.0961513108717367	0.839196468813731	79888	0.319347381141842	4	2	2	-6.8140165070084
chr19	263151	875245	0.470789633504818	243	0.100405231889359	0.877370973369705	5499	0.282099117664606	4	2	2	-6.78730484973739
chr19	877871	879776	0.143552288809051	10	0.157227930795461	0.327758719848402	49	0.204265758266039	7	6	1	-6.79495879853717
chr19	880560	24394098	0.498929978037848	5443	0.0960186021025624	0.854381790740571	189489	0.289492892150177	4	2	2	-6.73423711016381
chr19	27867463	54465158	0.498923558533511	4687	0.0973573916657636	0.841790355033437	178771	0.278484668737633	4	2	2	-6.76383815469623
chr19	54484874	54788204	0.49074014494693	201	0.125453620099302	0.794695524545587	2932	0.213446374555369	4	2	2	-6.75571017208894
chr19	54790165	58572275	0.498883210168556	927	0.10247646113887	0.833186905855101	29961	0.256600347547832	4	2	2	-6.75053781281835
chr20	172351	25475589	0.248189235141347	1293	0.109703789534054	0.849537139222525	50186	0.298956960604423	4	3	1	-6.73559058475957
chr20	25773519	26271014	0.0178405961262265	24	0.11861183037264	0.750602058300961	457	0.283283416271599	4	4	0	-6.79931477558406
chr20	28559245	31166661	0.126884859978119	790	0.147328731161268	1.25761123974883	4467	0.786606558547644	6	5	1	-6.78189796800579
chr20	31248651	64281456	0.373813513966933	4289	0.106339494668964	1.68991070367955	200309	0.708782862345029	8	5	3	-6.7336715886442
chr21	5218301	10737112	0.376684392369663	668	0.160954066100558	0.606066008394871	3824	2.2149644271208	3	2	1	-6.77407770779094
chr21	13000143	13036710	0.0549172696853504	68	0.066924241038882	6.55347880526878	618	4.92648959199565	19	18	1	-6.7334823973434
chr21	13042402	13853488	0.0404634969747039	172	0.0366712452169025	10.9567151921738	6066	9.27968819687499	20	19	1	-6.78651257503724
chr21	13854253	13861701	0.498337284934377	11	0.203584559157301	11.0621583085279	146	8.51676453840295	20	10	10	-6.73312678112807
chr21	13861721	14102730	0.0370086003291294	118	0.0388508665348467	10.0678806859263	2966	5.93499656349626	20	19	1	-6.81204280479556
chr21	14166860	19547166	0.00994444704684627	156	0.0620580969963811	0.63866729921798	4119	0.258246996388888	3	3	0	-6.73546314851777
chr21	19642956	21075879	0.199296415053207	39	0.132323643233945	0.824389466054599	766	0.356476766461783	4	3	1	-6.83600243350871
chr21	21116629	23656172	0.372475197120364	124	0.113012274235957	1.7849809260522	3149	1.10182103690224	8	5	3	-6.73679926415243
chr21	23657479	24294985	0.133843884539895	28	0.141049782010789	0.857947275445387	319	0.419290234777618	5	4	1	-6.96998826232025
chr21	24295170	25735200	0.417689463490587	74	0.116584647391518	1.64867372957825	2296	0.772009338062714	7	4	3	-6.75449650558944
chr21	25751821	31244491	0.256488282306071	235	0.110854329707885	0.816667215761151	7770	0.433244847036117	4	3	1	-6.76542057818382
chr21	31259506	32739634	0.498756037005633	139	0.105865045611806	1.05822814424356	5855	0.411360313402802	6	3	3	-6.90852163975427
chr21	32745729	38018703	0.259670683936189	275	0.113748004000368	0.866905586121855	14078	0.326850511974774	4	3	1	-6.744090471427
chr21	38031002	39844518	0.408054525558192	114	0.106054374142711	1.26067729853049	5056	0.5733699192294	5	3	2	-6.83053383222408
chr21	39897792	46692843	0.245675531305698	750	0.106631954988433	0.875814274494779	25059	0.281325270054141	4	3	1	-6.773849367047
chr22	10685500	12801170	0.498632379624621	506	0.164691737851104	0.536408481462486	2457	0.269467920084881	2	1	1	-7.47968095146307
chr22	15343050	15820136	0.498365708534387	18	0.115619049926396	0.621162312609819	390	0.22660825607287	4	2	2	-7.24432620989738
chr22	15854760	18172991	0.00849546992703454	189	0.0587209244317139	0.430710927446146	4907	0.161004718195767	2	2	0	-6.73345378260436
chr22	18509212	18854911	0.0422913192918583	15	0.180800389801518	0.402165560886089	134	0.493102624903798	2	2	0	-6.75602958681956
chr22	18908574	20670592	0.00294512633143057	152	0.0603628146875412	0.440183825298987	6832	0.188730782454263	2	2	0	-6.75621007170032
chr22	20685517	21023669	0.0454528657312937	196	0.0465862849626884	9.13942143761364	17214	4.51368677175955	20	19	1	-6.74718886777687
chr22	21030227	22004675	0.41772573075557	94	0.101797148023348	0.773620715506748	3396	0.410662308407423	5	3	2	-7.08077252764219
chr22	22018174	22532829	0.0697547948515618	252	0.0529920342568729	4.69014317370932	7522	2.29160705605314	15	14	1	-6.74279225582351
chr22	22533207	22564042	0.437848432146254	9	0.171381964563888	1.04325154781082	299	2.49032120655868	7	4	3	-6.73500556121144
chr22	22578834	23187501	0.104709179456305	218	0.0677719371951812	4.00583824308636	8527	1.98253963407165	19	17	2	-6.73328634711561
chr22	23194333	23998387	0.00631273168464863	115	0.0574946420745176	0.432194054669843	2729	0.149635461670723	2	2	0	-6.73587432433585
chr22	23998589	24003916	0.498253895714336	14	0.17212779561122	0.377860297921992	62	0.173029295105104	2	1	1	-6.73489961741597
chr22	24056085	26254403	0.00685654703827859	214	0.03573830383892	0.426713359231796	5946	0.21729200474683	2	2	0	-6.73972117752883
chr22	26292865	26754910	0.349804587249372	54	0.107765760422765	0.640564397873551	1738	0.200942953729184	3	2	1	-6.74348770232747
chr22	26859886	27831030	0.00820531565350879	26	0.0615517293389502	0.414485585852308	639	0.181520189109264	2	2	0	-6.75850165741614
chr22	27872419	28866784	0.448719532813084	89	0.139142778170691	0.950328242727274	2929	0.599238529399927	5	3	2	-6.82413951311254
chr22	28875987	30870559	0.33827302382374	204	0.125766198749118	0.658612958504861	9464	0.249175933454721	3	2	1	-6.74698853052408
chr22	30889693	32370998	0.00433584828153788	130	0.0558407571671605	0.432826206859576	6110	0.143777784594438	2	2	0	-6.7405685590142
chr22	32384641	33114175	0.316622342163184	67	0.113316148562779	0.638818856081288	1624	0.226745872136239	3	2	1	-6.74988512106281
chr22	33126028	37232953	0.005715570984552	312	0.0596321352056058	0.437169411822401	7448	0.189711283667999	2	2	0	-6.75281345032024
chr22	37240909	39364167	0.331185662601781	496	0.103363604732599	1.33332455078091	20359	0.550773782936525	6	4	2	-6.74233400495166
chr22	39364384	39875818	0.00304123790988009	40	0.00930119236910943	0.432065337877418	1579	0.135749940387724	2	2	0	-7.0516222386912
chr22	39968390	40372051	0.34230736217791	20	0.107001278890537	1.2977354482479	2390	0.472799396146319	6	4	2	-6.73662638218443
chr22	40374238	40507417	0.0099896388259868	9	0.132744114747133	0.447801889206566	561	0.164099565291166	2	2	0	-6.73769446828917
chr22	40508721	41556294	0.330571414503851	146	0.105329704145329	0.660751585831002	5608	0.251357268155235	3	2	1	-6.74327059586331
chr22	41558247	43434990	0.498850452665698	410	0.0957510681211207	0.853427202134822	10839	0.297054424029964	4	2	2	-6.73314402159381
chr22	43502770	45402201	0.0109786585987821	134	0.022747013156977	0.438358285603507	4150	0.16624331458171	2	2	0	-6.74799299268644
chr22	45509681	46018163	0.434081580467101	39	0.0673367571716723	0.834753561946806	1457	0.298566837749568	5	3	2	-7.06971774006662
chr22	46053930	47173242	0.00571234848768604	161	0.0253356152603626	0.439844312331659	3250	0.148986995095632	2	2	0	-6.76442249778223
chr22	47378961	47692016	0.498688877671948	12	0.13026299155822	0.686170264504049	312	0.30763370773476	4	2	2	-6.82483828298249
chr22	47695320	48707687	0.00654753859535417	25	0.00907413907762053	0.420785103167242	501	0.177870599020771	2	2	0	-6.82841140201741
chr22	48835265	49497968	0.042374207114673	257	0.0622360105700321	8.72164452982969	5456	5.77211461263828	20	19	1	-6.75056912931891
chr22	49543536	50780661	0.00880613489058102	236	0.032893518445369	0.437561881301272	7672	0.150566410892994	2	2	0	-6.74275453479324
chrX	255805	49346325	0.346901862160752	896	0.122502924980756	0.941181577367558	48383	0.441044366303879	4	3	1	-8.2823711218413
chrX	65956689	141905969	0.269283488625411	25	0.143153472422665	0.844080367834784	47481	0.266018668031988	4	3	1	-6.79923502809264
chrX	141906033	156010156	0.0877206818702702	32	0.108077476503753	0.853388815250211	14626	0.682891323783169	4	4	0	-7.06505818941608
chrY	3066285	3852576	0.0565939702193944	14	0.163282402166133	1.57989480673728	241	0.652036483829558	7	7	0	-6.80149310516749
chrY	11107518	11218367	0.229984527272456	13	0.142015257396286	0.216598062381265	42	0.206368001474357	1	1	0	-7.82492083634759
chrY	11293602	11351329	0.143445096111007	9	0.14142135623731	0.0791323860124154	37	0.0923146141625907	1	1	0	-9.80008802090011
chrY	11788301	56837148	0.0252452062412905	65	0.172257556772946	0.160931000361396	195	0.139561468687322	1	1	0	-18.1906786667099
chrY	56854987	56884104	0.345342614292909	89	0.143931409048634	0.483473102957316	277	0.193108988425081	3	2	1	-6.77294244414311
