chromosome	start.pos	end.pos	Bf	N.BAF	sd.BAF	depth.ratio	N.ratio	sd.ratio	CNt	A	B	LPP
chr1	183697	16478258	0.000504659125818485	1008	0.0633120961710416	0.525879716031317	33278	0.169301557772084	3	3	0	-7.09173860962174
chr1	16508139	43215513	0.252434164801692	1462	0.11223801179213	0.687888251392528	62036	0.225335142210984	4	3	1	-6.79710109043909
chr1	43223072	54052894	0.398030209991481	422	0.104588662307965	0.81766835891278	24298	0.264623128767165	5	3	2	-6.85128408368833
chr1	54096243	64049707	0.225916246104255	248	0.112469887644993	0.675978705486551	9252	0.231762036391036	4	3	1	-6.76153498729019
chr1	64159159	81479243	0.444479778368114	388	0.0897001422881764	1.1657765626806	16675	0.430514329550339	7	4	3	-6.76956793869315
chr1	81503386	87653974	0.241346554079868	133	0.104124997726363	0.697733398494893	5257	0.241132074064226	4	3	1	-6.7882983296093
chr1	87870611	91535247	0.499014644989439	65	0.087283862174825	1.32977557061496	5234	0.459326617202129	8	4	4	-6.73715421982985
chr1	91535577	111755960	0.195433702426185	477	0.103976859977657	0.817726626917886	21828	0.279872148036564	5	4	1	-6.92795830179231
chr1	111762606	117694118	0.498886299841489	309	0.105064534868823	1.62808221202565	15915	0.642948982481558	10	5	5	-6.74716173782195
chr1	117799566	121436587	0.184382292739181	49	0.0921856259177663	1.00702275291373	4535	0.337066910329512	6	5	1	-6.75704408851796
chr1	125066017	143264771	0.265838151827085	12	0.0828896674483435	0.703698118423334	307	0.266861947163637	4	3	1	-6.95791369298922
chr1	143377326	150292753	0.498806096242647	251	0.109402839937792	1.12191375957581	10283	0.370975675295706	6	3	3	-7.00948230173196
chr1	150296199	178472896	0.383885081974319	1759	0.0944949465869799	1.30941920307268	90057	0.447409066415625	8	5	3	-6.84085538225031
chr1	178525293	190892895	0.30686774281423	381	0.0974305408559181	1.07462130537309	17691	0.355516341452312	6	4	2	-6.94906314220608
chr1	191342107	226476193	0.00206550628064711	1092	0.0422560852334341	0.675179624362657	43020	0.230236856849795	4	4	0	-6.74199453511374
chr1	226478546	227493678	0.000333989677462343	72	0.000585258392969696	1.37251117971393	2345	0.509171044388481	8	8	0	-6.92266222894435
chr1	227493774	227506683	0.0364350938655585	9	0.205440380646065	1.21351135935208	22	0.416143134300097	7	7	0	-6.75186496685812
chr1	227507514	232161353	-4.15497238526741e-05	267	0.0136277008109846	1.32545886984089	12882	0.477045272653785	8	8	0	-6.73950028739981
chr1	232176555	248239456	0.00361859033298151	637	0.0307797398574383	0.667759009890771	18420	0.232456316140534	4	4	0	-6.7833477258525
chr1	248273507	248922339	0.0251916035278915	56	0.160987172797074	0.631121167945487	1166	0.189347800267672	4	4	0	-6.80320167319743
chr2	37923	8176766	0.00167878459761073	148	0.0070261508215235	0.479259684258101	3411	0.170904544321095	3	3	0	-7.30577155857768
chr2	8428314	10213213	0.498988629813924	82	0.0874975149128759	0.858736956446342	3296	0.288518850757741	6	3	3	-7.08103611019624
chr2	10228127	10774964	0.00131211987771784	27	0.00365655170486763	0.526571174710687	619	0.214898554681893	3	3	0	-6.81787142067254
chr2	10912894	11222225	0.412108416239717	17	0.0676336367758633	0.83850600270977	602	0.256489891801032	5	3	2	-6.75253170365055
chr2	11300497	19170985	0.00489028916923784	64	0.0295225902205977	0.490240298919633	3478	0.170564416315645	3	3	0	-6.96109583630448
chr2	19353152	33770953	0.496496422140608	626	0.0934757820235815	0.881499985303976	28767	0.290910893271414	5	3	2	-7.46535685803817
chr2	33797514	34319209	-0.00319841251747544	9	0	0.506594242942434	90	0.246744840583459	1	1	0	-Inf
chr2	34885195	90082833	0.415603126943104	1380	0.0982243005630006	0.864598517049004	62106	0.300850740855783	5	3	2	-6.88809629442303
chr2	90083003	91987666	0.274617583943961	65	0.145920294035951	0.76745469791006	1119	0.271652512226823	4	3	1	-6.9782920507631
chr2	94190317	95939051	0.498767926942855	20	0.136624109762593	0.827654893071134	2335	0.255296283936482	5	3	2	-7.04043410827961
chr2	95939302	95953986	0.28424069327517	38	0.127077579602199	0.656821139137633	136	0.252642966708854	4	3	1	-6.77641820584126
chr2	95954026	221501254	0.394931844522861	3172	0.0988977092390827	0.824053234755985	141253	0.263654594121277	5	3	2	-7.49412213831442
chr2	221796763	242140229	0.498892395209191	1008	0.0931974826391927	0.657434838648058	29898	0.209800709799842	4	2	2	-6.98823459274626
chr3	13132	21421262	0.00194702954880915	1186	0.0416487685226599	1.60863247313637	42667	0.697439858055051	10	10	0	-6.80621348725193
chr3	21421388	41954783	-9.05817032539336e-05	600	0.00113275583505831	1.18789831995963	27139	0.407876914218018	7	7	0	-6.7369368229794
chr3	41977930	49533449	0.000846777310692826	377	0.00242668908408766	0.913331605210843	26395	0.280603675497827	5	5	0	-7.10981093134275
chr3	49652766	49688741	0.0115377824932354	9	0.171899760842701	0.862691085810485	909	0.163869047695416	5	5	0	-6.73597991041269
chr3	49698313	53188745	0.000285114122338281	84	0	0.896341924965019	17548	0.292566539384934	1	1	0	-Inf
chr3	53198046	56682894	0.00162280322361519	100	0.00508770552162244	0.503612710354131	3065	0.176071567514064	3	3	0	-6.79998881981043
chr3	56745142	75606127	0.000577594186489228	406	0.00329883627123107	0.851486915748053	16111	0.286802280769428	5	5	0	-6.75416111231004
chr3	75630786	76103118	0.397116843202061	33	0.181822971054348	0.49209405643806	356	0.219541935821181	3	2	1	-6.81236124759456
chr3	76485342	81970063	0.00468026020275891	24	0.0940158404784511	0.165508014742642	850	0.0833067664934104	1	1	0	-6.99632345488927
chr3	82213202	90507212	0.44883056288303	65	0.0935698731101317	1.06493774731922	2437	0.461733058467779	6	3	3	-6.95602211495675
chr3	91404436	94507258	0.489760330604168	9	0.15671160702953	0.674268417855642	642	0.367901886088178	4	2	2	-6.73603793702942
chr3	95120581	116577429	0.000910269680495623	440	0.00935722318866252	0.667530873046963	16487	0.246128828645915	4	4	0	-6.79094702190244
chr3	116850260	145247625	-1.54968751690521e-05	767	0.00434110828189348	0.503178362510278	31405	0.163357323501248	3	3	0	-6.80534948939751
chr3	145505028	149333138	0.384357439409589	95	0.102492549643195	1.27212043018103	3446	0.471478163524676	8	5	3	-6.78010606295705
chr3	149372851	149826848	0.10648203325152	103	0.0768417607584519	4.58187233274936	3065	3.02161218638271	19	17	2	-6.73688317193006
chr3	149853962	153050521	0.196746480491753	170	0.107592820885786	2.58629705338044	8800	1.31710884922421	15	12	3	-6.73389381299847
chr3	153055778	155834100	0.171450915183979	170	0.116427857554019	2.83420628315447	6377	2.07385771527693	17	14	3	-6.73425335720081
chr3	155897874	156548985	-0.00298151111405176	15	0	0.50565842112618	478	0.167259519993891	1	1	0	-Inf
chr3	156553806	158827406	0.331273664481086	73	0.133537037599907	1.10555883116844	2286	0.625468044430156	6	4	2	-6.75727594010567
chr3	159478239	168099748	0.00331991315134855	91	0.111257393328298	0.667537057959953	3721	0.371324794883542	4	4	0	-6.74284248242492
chr3	168508408	169566133	0.420756084101435	36	0.119448002900113	1.90859492083016	1106	1.09101236290388	12	7	5	-6.73590391707135
chr3	169749693	171369680	0.00248573826275889	51	0.00196039211763921	0.781405597586581	2653	0.373078090059209	5	5	0	-7.61535495758899
chr3	171434621	171778925	0.197371992583632	25	0.0846394313150398	2.40620628279714	1073	0.963330913020171	15	12	3	-6.73428836091238
chr3	171856758	178111469	0.00269754083323231	57	0.141687343323761	0.543750487293814	2128	0.262921972759778	3	3	0	-6.96647268984691
chr3	178172944	179426233	0.332671848734878	45	0.0990554227070723	1.54613816803657	1804	0.772577119155011	9	6	3	-6.73327772129863
chr3	179465250	179887859	0.00108190323440083	16	0	0.500684669552104	731	0.155461472868087	1	1	0	-Inf
chr3	180187215	180679186	0.271760654348763	22	0.0860218561777165	2.13098178341803	834	0.874954429699776	11	8	3	-6.73995973420467
chr3	180727584	187251846	0.000343985414232639	287	0.0293676104485289	0.945599556378727	14077	0.415147223698061	6	6	0	-6.85170679127829
chr3	187260999	187575231	0.000223222210228857	17	0	1.9147321494631	410	0.86613550411323	1	1	0	-Inf
chr3	187581126	187926036	0.498655088886138	32	0.125745630976497	3.60010721692231	954	2.05501867218427	20	10	10	-6.73327445786537
chr3	187956493	189215424	0.0773404289693412	40	0.141684171618355	2.15450022944061	1393	1.37355001743581	13	12	1	-6.7332407641006
chr3	189228100	194650767	0.226866734614867	241	0.104056645853759	1.25091439756233	6572	0.501429765895369	8	6	2	-6.84595578649194
chr3	194660951	195620256	0.0250255982296159	55	0.0286367238500139	1.03357966845699	1494	0.352915022568678	6	6	0	-7.16063500977785
chr3	195636517	195729871	0.42710196162515	52	0.161266250481912	1.46449170961425	544	0.639463239729807	7	4	3	-6.73913228876918
chr3	195733167	195938239	-0.000666131754810895	86	0.053986166338709	1.080212454593	1384	0.386388293655484	6	6	0	-6.73609789530161
chr3	195938810	195996818	0.498464676464269	37	0.185388922410571	1.08830807042641	237	0.355500300671383	6	3	3	-6.73432840377203
chr3	195996863	198119765	0.00176886193825798	174	0.0704758383969591	1.06078037097111	6552	0.378017505504701	6	6	0	-6.74906178064887
chr4	54908	9563847	0.496540577540345	755	0.0970191967703157	1.19112069908485	27587	0.38481687015901	7	4	3	-7.01446781181138
chr4	9578861	9719144	0.0915935702447825	10	0.118859627759434	1.09693851261205	153	0.394612662740023	8	7	1	-6.80429674413596
chr4	9723544	39012624	0.498851177741164	641	0.0971683455561538	1.19790671309546	23262	0.467971533351083	7	4	3	-7.03860555501259
chr4	39093334	39716571	0.192682039126427	146	0.102614192758619	2.63592969425892	5130	1.2417554698303	16	13	3	-6.7347583618581
chr4	39717456	49062019	0.498820662552237	362	0.0880900107540207	1.26260970855862	13332	0.463188047425145	8	4	4	-6.86400754147316
chr4	49102515	49711644	0.217916414087917	54	0.172667293977475	0.640243735255212	270	0.432413694328498	4	3	1	-6.76012611151033
chr4	51848345	99654554	0.193041248478943	1143	0.09883013550261	0.838665813197833	43478	0.283188977837321	5	4	1	-6.77640890058981
chr4	99949218	119404679	0.332316008910448	438	0.101929361064321	1.00391975463453	18038	0.348330761219863	6	4	2	-6.74963250736546
chr4	119686098	128884561	0.498857106922095	229	0.0821921593648613	1.33315321847181	11154	0.508388540121597	8	4	4	-6.73944050588115
chr4	128888580	189957506	2.17454200966416e-05	867	0.0485307310668587	0.671318320209856	35797	0.236006719908229	4	4	0	-6.79926654151427
chr4	189957587	190179679	0.0225907431962273	9	0.0666666666666667	0.572801187137088	165	0.449678529503607	3	3	0	-6.8104465395309
chr5	66543	314403	0.00511679422629918	42	0.0109555378473085	0.170784846465822	487	0.0711450357918877	1	1	0	-6.86273060420911
chr5	404181	1214149	0.341126744031963	100	0.121816501759861	0.42243210861061	2021	0.129096878281204	3	2	1	-7.60207581312055
chr5	1219202	4429772	0.217511816255635	79	0.105288292191363	0.750308147339855	2295	0.260676241203826	4	3	1	-7.06648779704186
chr5	4830480	42136695	0.402355728327783	938	0.101184766137175	1.178069691228	36179	0.493039613690449	7	4	3	-6.77796288273647
chr5	42327114	44533909	0.116274600800628	142	0.103706785905325	4.37664136219103	8780	2.72524853658355	19	17	2	-6.75649423569699
chr5	44589246	46206800	0.231068548260916	22	0.145734243391763	2.05813562197625	1131	1.08850253344894	13	10	3	-6.7368657883919
chr5	49601562	49661007	0.0462561151756826	11	0.100403277744395	0.0336563274769205	25	0.0305939536510076	1	1	0	-17.4548891767547
chr5	50190403	60429945	0.431097597344202	276	0.0991422190167632	1.22665793785266	10663	0.501542866795322	7	4	3	-6.76005884415138
chr5	60603586	93268536	0.432785334202574	667	0.0943816985223326	0.84414872571353	28834	0.283500319971861	5	3	2	-6.80876255329728
chr5	93504478	101094523	0.20410424146007	366	0.100804767138886	2.41863290539703	14456	1.20730549382721	14	11	3	-6.74025561048401
chr5	101263080	112242946	0.141740092718341	585	0.0864350334303046	3.34982073972493	18535	2.17267776056986	20	17	3	-6.73870861856567
chr5	112359791	116292420	0.222197930795887	291	0.102584526576967	2.35743230254047	8889	1.22365407477669	14	11	3	-6.73666909241325
chr5	116295027	119703721	0.153317356718505	192	0.094052666171468	2.91916870885743	6503	1.62386705266344	19	16	3	-6.7419545955323
chr5	120110245	163439542	0.402704285948064	1344	0.089851210912537	0.84630363390169	61072	0.275213248140442	5	3	2	-6.73445035464386
chr5	163467648	181281583	0.357263620963918	876	0.110852629002729	0.997848586678906	31946	0.365025240270194	6	4	2	-6.79027838394679
chr6	164113	11652505	0.408322840917188	714	0.109729465773828	1.6132351121104	21747	0.731349592613859	10	6	4	-6.76805243685749
chr6	11652836	29927827	0.498863891978867	781	0.087486672790128	1.10760755095257	29684	0.397459721845634	6	3	3	-7.1984672941984
chr6	29927905	29928343	0.114944813462988	11	0.0931829090845233	0.571875590013779	29	0.132229759735114	9	8	1	-6.74848496979022
chr6	29928491	31276118	0.445495668265151	303	0.0870223500381319	1.10783157639183	8885	0.325290379531782	7	4	3	-6.79158132404556
chr6	31276251	31415306	0.498618848558526	93	0.117784682436002	0.997699394025345	461	0.348747267201149	6	3	3	-6.73336896745515
chr6	31415331	32473425	0.459003249217722	265	0.0791118332566942	1.14658479072888	11579	0.330310586877099	7	4	3	-6.82740347589476
chr6	32473491	32553466	0.422017189250091	26	0.120935659944261	0.683542073713988	62	0.25053559602525	5	3	2	-6.78804392062496
chr6	32558151	32660844	0.10761543675049	26	0.100486210305387	0.878372304616831	213	0.305984213576907	7	6	1	-6.86492879787244
chr6	32661903	33069222	0.431514709546267	131	0.111308743620354	1.13467481074527	1726	0.349192600770984	7	4	3	-6.73747774560009
chr6	33069283	33092219	0.216714347342325	50	0.122324419775732	1.00488876294437	202	0.307191343106768	5	4	1	-6.74843032920387
chr6	33092287	58371695	0.4988737985006	1280	0.0868391949407151	1.14757174314602	59672	0.385042015357309	7	4	3	-7.21552261004358
chr6	60291702	76664869	0.49887194752188	275	0.0856205092981531	0.974564639707831	11616	0.358312381168432	6	3	3	-6.87017342638616
chr6	76664931	83489908	0.399654119910122	73	0.125682715506823	0.772412179847254	3760	0.276368893428599	5	3	2	-7.16385486701939
chr6	83524425	170705913	0.00033933706568412	1619	0.0337247542696991	0.506283217632884	61204	0.172086796141719	3	3	0	-6.76951826958209
chr7	38094	58100473	0.367131790223405	3628	0.113511824973971	1.82041525621913	130419	0.806449644435964	11	7	4	-6.76458698542393
chr7	60958090	63013671	0.112880353687625	17	0.168512959878636	1.69701780073371	150	0.933544290093403	10	9	1	-6.7365345240585
chr7	63014453	65414499	0.451706696011137	222	0.11951967730553	1.9314339556943	7858	0.950182867520104	11	6	5	-6.73533075091666
chr7	65435048	66975994	0.06974971700619	105	0.147489538338873	1.89419499897083	6519	0.9537122454701	12	11	1	-6.74329178040827
chr7	66976077	71601701	0.380402302097421	436	0.135281703246836	2.06803442593525	11824	1.20117501960405	13	8	5	-6.74139073045689
chr7	71606189	80749003	0.251690737587934	587	0.103789780937901	1.36227654333518	23642	0.601261232827413	8	6	2	-6.73348697640419
chr7	80953280	100676440	0.484938251854117	523	0.0909340426346904	0.933110042452722	28748	0.323770509427988	6	3	3	-7.49024840965401
chr7	100683001	100955225	0.430821091472656	60	0.111467685520308	0.680766201132352	2358	0.195001150440892	4	2	2	-6.95572598622806
chr7	100955962	100960738	0.129534216682477	62	0.145607867158057	0.484134963206225	341	0.147015625302709	7	6	1	-6.8427782975112
chr7	100960849	102468085	0.498809287512105	221	0.111651123345458	0.659800490090955	5633	0.231656630561019	4	2	2	-6.74571913626827
chr7	102480001	114866280	0.319456830145509	347	0.114490717610862	1.09486244642975	15880	0.412379445314966	6	4	2	-6.96959847482464
chr7	115109285	132730760	0.399963216245932	440	0.0962566716752469	0.841797617131436	18826	0.272991780851491	5	3	2	-6.73984978501538
chr7	133035941	142749453	0.322529985871569	549	0.098108584558163	0.996944220780713	18191	0.33921628696312	6	4	2	-6.76069707324817
chr7	142750561	142773518	0.0714973826517408	44	0.133188813502799	0.978323431317748	331	0.245154273388592	10	9	1	-6.82886910633283
chr7	142773737	152273771	0.343399192276715	457	0.101843555905408	0.964393152939409	19258	0.300653238205117	6	4	2	-6.91287949371931
chr7	152379803	152414791	0.147109136347503	56	0.160876798065613	0.47734761061555	180	0.206918200011418	5	4	1	-6.95466174338685
chr7	152446659	157441174	0.335646934082787	186	0.104640482613419	0.964609207003582	5288	0.348552241382048	6	4	2	-6.80201631219456
chr7	157595320	159260906	-0.00120077298352361	60	0	0.3221030152846	1370	0.124838874930981	1	1	0	-Inf
chr8	213553	3493742	0.232305868684641	137	0.0973853378906033	0.642635827065803	2844	0.191221128592797	4	3	1	-6.90440601407795
chr8	3586048	12696324	0.268764529890167	330	0.129075086693652	0.508182533055288	5323	0.198003409882163	3	2	1	-6.87963025084435
chr8	12727150	22727325	0.240648474674883	383	0.104964681769429	0.686821373793107	10311	0.236540881655418	4	3	1	-6.75514589722179
chr8	22750090	34874334	0.321471624856399	302	0.105875125082735	0.496797366200874	11334	0.156632520295311	3	2	1	-6.89957900900936
chr8	36121626	39101979	0.148939125868882	89	0.0926476997647854	0.980673168134665	6021	0.560621708351757	6	5	1	-6.76251203207088
chr8	39130944	43270452	0.34811424663481	194	0.115694177932782	1.35735699515462	9401	0.614926746436897	8	5	3	-6.76526240785669
chr8	45952323	56531302	0.278918191356335	293	0.115800693831878	1.78350913875603	17111	0.919532931569223	11	8	3	-6.74963695894583
chr8	56577016	145066250	0.498918659156665	2389	0.08540177423716	1.00594268014996	91935	0.357200024982103	6	3	3	-6.78412761013072
chr9	117696	4298576	0.49875270902238	173	0.102508506396233	0.831726528879392	3663	0.28255605605059	5	3	2	-7.25509887588419
chr9	4483447	5014277	-0.00116125465687911	30	0.00547722557505166	0.511772322436629	608	0.150719315775218	3	3	0	-6.76042333799437
chr9	5041690	6504855	0.498838778890385	43	0.114059746151468	0.857464022544563	2475	0.291453758372817	6	3	3	-7.02044359214847
chr9	6591972	23850238	0.00257385024256046	328	0.0216025717137295	0.502083747554029	8772	0.173564149206259	3	3	0	-6.79806222074956
chr9	24791720	27648124	0.421309755202875	57	0.0893202539708859	0.849095895920974	1849	0.332092404906243	5	3	2	-6.76703283862353
chr9	27725558	30689181	0.0419017426173641	9	0.0594077248998628	0.462777486971327	324	0.216238821043258	3	3	0	-7.33869195535094
chr9	30690223	39041653	0.481236231890574	462	0.0980057101945244	1.02270329977521	21352	0.333457609534132	6	3	3	-6.75625950900104
chr9	39048949	42856422	0.495661580626843	146	0.154836148786986	0.843237312713722	1440	0.392515045309158	5	3	2	-6.95413826688766
chr9	43111221	138149114	0.242231909079454	2556	0.110907856181213	0.686472781884385	105150	0.221954297457956	4	3	1	-6.90437636624775
chr9	138152693	138214444	0.498164531459578	15	0.174895342855037	0.447190000280479	57	0.216691891726132	2	1	1	-6.79294994846562
chr10	47876	29458488	0.00209667415083648	798	0.0255869827310627	0.491653081538026	23733	0.166393597443803	3	3	0	-7.39165296818566
chr10	29458689	29495143	0.0598866434974902	8	0.0604595496415342	0.546046483370954	196	0.167782627915544	3	3	0	-7.27446853097042
chr10	29508202	38637486	0.0744947668369411	264	0.0882346429420834	0.600882062968231	6808	0.233503000691963	4	4	0	-8.32869450245152
chr10	38646448	39475684	0.498286176895812	35	0.162073139418623	0.697883287309914	148	0.300121837733997	4	2	2	-6.73764908357076
chr10	41860304	43271191	0.0140224826979635	69	0.103637162984989	0.659433263617268	1554	0.22964042419368	4	4	0	-6.75651047056785
chr10	43305505	46519836	0.184316088628181	123	0.12798947617257	0.81523471166527	3933	0.266988162049876	5	4	1	-6.78289970580369
chr10	46522169	46559872	0.499302545750367	33	0.0686087115680677	0.6822007625074	149	0.19850483269051	4	2	2	-6.73311233043342
chr10	46584397	49532830	0.160694278737285	102	0.125942368172713	0.745446765125082	3751	0.224443724645821	4	3	1	-7.31968216769986
chr10	49588106	79611541	0.00127751521011366	786	0.0229383454983721	0.672217488290472	29256	0.216777218877644	4	4	0	-6.76410669497349
chr10	79611798	79942782	0.0528804344740321	9	0.153	0.704695789386282	372	0.226241480542775	4	4	0	-6.80958578143305
chr10	80011057	133787106	-0.000391326120619651	1594	0.02598959369206	0.673186922630489	66611	0.222220211611878	4	4	0	-6.76788207209004
chr11	199256	35260787	0.438913484602244	1994	0.0921514782968396	1.14750126643832	74130	0.374671437280819	7	4	3	-6.90523098631042
chr11	35281115	50553108	0.473797040943866	598	0.101272571771776	1.51957352989051	29409	0.576311713176976	9	5	4	-6.78347338285686
chr11	54603087	55665626	0.363531529191633	35	0.0781968750047225	1.24247570967805	1133	0.29008094879958	8	5	3	-6.8035156096047
chr11	55811815	56376094	0.205549809424818	27	0.0849556110004268	2.15638522561256	2589	0.558171098612511	14	11	3	-6.74934650604987
chr11	56376116	56578250	0.316832224102385	18	0.0780742272924956	1.32133891096385	554	0.321276711401616	9	6	3	-6.7839324285864
chr11	56612658	56742767	0.0924919492764371	44	0.117293931126336	0.443070459084824	216	0.167173495781015	3	3	0	-7.13734784080679
chr11	56818911	64236485	0.382610417016388	625	0.0847318795392644	1.35799577085803	34641	0.449103450591086	8	5	3	-6.73790256208641
chr11	64243674	65049311	0.225126601592802	147	0.0930778099578579	2.2023225949842	10993	0.778255070397106	13	10	3	-6.73523439595409
chr11	65085373	66120815	0.00186850340052908	118	0.00248555146832547	0.542746402967995	6149	0.182582169602432	3	3	0	-7.13197410933582
chr11	66148346	72468594	0.245978455825902	655	0.108003932622446	2.07498907476666	41510	0.863504568130089	12	9	3	-6.73584770459604
chr11	72550622	81054455	0.362751002951416	487	0.101717241158602	1.40866271681072	22669	0.533118952528513	8	5	3	-6.76741551077269
chr11	81466782	90283610	0.00299304686911084	136	0.10184791702639	0.513984677346471	5381	0.177484681421518	3	3	0	-6.75215381940375
chr11	90728499	134986767	0.00151099698461921	1012	0.0165283293782069	0.338763921833664	37398	0.115539958857301	2	2	0	-6.73958958735402
chr12	12906	891399	0.355467813620698	122	0.0984049284423413	1.2944982696276	3904	0.460934490430288	8	5	3	-6.76195864540945
chr12	913287	3433937	0.349827096043169	174	0.109456437666899	0.99592362960546	5479	0.37654837513934	6	4	2	-6.75138062454063
chr12	3553488	8370947	0.49885797275436	401	0.0827042587414039	0.635605235344134	12777	0.193691575391543	4	2	2	-7.0399793583227
chr12	8371087	23250427	0.302241048095163	686	0.10777283447186	0.977246864052979	22183	0.32901574516154	6	4	2	-6.91206587483878
chr12	23567716	25715755	0.276680241875959	113	0.121062872205101	2.28299794981898	3954	1.20844522193867	14	10	4	-6.73770086430589
chr12	25773916	29886143	0.294102620958259	149	0.132861322982151	1.10834588784977	5652	0.500542133246617	7	5	2	-6.78104537152269
chr12	30108338	34522919	0.413649607711688	366	0.106085176088239	1.70723330835426	10980	0.775616799229797	10	6	4	-6.74316241913672
chr12	37540858	76460094	0.285621525978756	1992	0.0939112575596363	1.21325867905583	95333	0.397850442623156	7	5	2	-6.80433473112577
chr12	76461170	85162824	0.33282010614405	163	0.0995272956135285	1.01819640474016	7054	0.362163424954446	6	4	2	-6.7330846614435
chr12	85229735	133221063	0.498902609720322	1736	0.088259114133927	0.705084400147062	71824	0.23256876524614	4	2	2	-7.44944200367191
chr13	18177561	18666567	0.0234891970581317	51	0.197903912117402	0.650454505099969	450	0.284259355776026	4	4	0	-6.74776615979739
chr13	18667202	67160268	0.00241715530567554	1091	0.0518771239488345	0.782200200805354	43206	0.266141760790026	5	5	0	-8.635101723579
chr13	67395149	71756337	-0.00055792922142972	21	0	0.331518551642702	526	0.135124922773937	1	1	0	-Inf
chr13	71929796	112534260	0.367058989693032	526	0.126248218241246	0.549457743628603	19354	0.217217564261578	3	2	1	-8.89655934934774
chr13	112586100	114239439	0.334296348800325	110	0.125226706843052	0.989994235562482	4728	0.300515243527816	6	4	2	-6.74112113022589
chr13	114239460	114299067	0.49766081327915	9	0.157259163308357	0.542629447203301	202	0.408713519560912	4	2	2	-6.74378158092533
chr14	18329957	19797477	0.498490305241378	118	0.158225774212328	1.36762261714387	1957	0.901068658623148	8	4	4	-6.73315993272018
chr14	19821078	68892146	0.000248147206728	1781	0.0212530757931244	0.976191735718416	72049	0.369090992352894	6	6	0	-7.07825939149538
chr14	68954661	73498870	0.00282910460771824	174	0.0236361951875084	0.839591154148145	7377	0.2800994619906	5	5	0	-6.7447891048959
chr14	73523155	73628519	0.0143588589582193	9	0.203517198290464	1.00004174062443	493	0.413797699375165	6	6	0	-6.73612163603583
chr14	73665556	106185295	0.000643798449519006	1270	0.0253875667040377	0.858065443732147	53583	0.288783532770315	5	5	0	-6.7680579303199
chr14	106264721	106351971	0.498785115596929	23	0.107981461591473	0.748850827502705	396	0.189655210681791	4	2	2	-6.74739566146456
chr14	106436265	106810329	0.0030676153370961	106	0.0905348210276496	0.853683087961608	1390	0.326740303038896	5	5	0	-6.73382396045699
chr15	19987698	20259718	0.493421783928532	35	0.194923376456175	0.4444440396465	446	0.154112022448913	2	1	1	-7.19902154964064
chr15	20259929	23166310	0.00512571081143776	113	0.128602890254439	0.491173527114901	2237	0.226307968160758	3	3	0	-6.77506251030036
chr15	23166748	32747620	0.00283367229707454	365	0.0921584247486095	0.67535587876962	10144	0.25112916060269	4	4	0	-6.73512401213486
chr15	32810969	33095540	0.000912490347385164	29	0.00154728428866538	1.82316550088672	658	1.03579799827109	11	11	0	-6.9348471352768
chr15	33154057	52295693	0.000455360187197051	746	0.0407307520339823	0.68913317062869	37435	0.219314550815779	4	4	0	-6.79437735546525
chr15	52312649	53144357	0.347335175993559	43	0.116166961792851	1.00363731402514	1305	0.304592572740901	6	4	2	-6.74270132974903
chr15	53517785	57166145	0.0015757461871494	86	0.00226448823727221	0.680574906319547	3316	0.226098048132216	4	4	0	-7.01089061529878
chr15	57326316	58016455	0.374250101649977	25	0.120256489776366	0.96834927682651	994	0.262858515010878	6	4	2	-6.81617336160912
chr15	58082405	58690938	0.000223222210228857	17	0	0.682076570078076	527	0.276764305393013	1	1	0	-Inf
chr15	58850016	64075546	0.498861959050053	266	0.0869491098798307	1.36289118491716	11913	0.512009173204813	8	4	4	-6.73341766570922
chr15	64126198	67769681	0.335074586307825	177	0.110115953908072	1.02957695331034	10454	0.511610392464154	6	4	2	-6.73440327851854
chr15	67806598	74417225	-5.9226102889498e-05	184	0.0553619655194972	0.674233323339818	10169	0.209739841926098	4	4	0	-6.73601738607084
chr15	74742915	80289048	0.498789487771373	388	0.10152071542029	1.19214495771702	16323	0.498420958372484	8	4	4	-6.948038714516
chr15	80293418	82573054	0.368452071399602	152	0.099385261932036	1.73696845098695	6079	0.654262172240028	11	7	4	-6.75051961214864
chr15	82579114	92632283	0.498880736818829	682	0.0882966043869467	1.37369905023425	25820	0.466846338154486	8	4	4	-6.73764434829197
chr15	92670134	101029262	0.498739936423493	337	0.116599258721396	1.15745001591315	8359	0.489495927109544	7	4	3	-6.95584075798234
chr15	101048718	101829188	0.0202179980892245	47	0.117001988486941	0.356510058688402	1307	0.141445577096785	2	2	0	-6.8092496158385
chr16	11641	830206	6.33975995120717e-05	275	0.0474735848739382	0.692912045857045	6302	0.208492238322834	4	4	0	-6.73828288452698
chr16	843491	1253042	0.341835096416962	67	0.14631820061066	1.00312470178621	1474	0.326150856909644	6	4	2	-6.73550252310069
chr16	1256483	5766325	0.00135186756621108	462	0.0490919915169977	0.696831661932862	20383	0.208476553234104	4	4	0	-6.77923088616264
chr16	5788360	6969493	0.317660621895544	30	0.0995343468702967	0.949044441409456	541	0.370802925469209	6	4	2	-6.77255116927123
chr16	7048177	8508350	0.00108190323440083	16	0	0.638664838751217	490	0.258848192728243	1	1	0	-Inf
chr16	8532690	9768699	0.498730474763098	91	0.106500701930079	1.3395061131898	2785	0.546917924655905	8	4	4	-6.73349766786797
chr16	9822347	11166583	0.00879840337903226	45	0.0601444557341369	0.686565400683588	1894	0.24454605430943	4	4	0	-6.74790475602
chr16	11216925	11628927	0.320820984606838	144	0.114237779223951	2.01171794094868	2117	0.98282255023282	12	8	4	-6.74025117217238
chr16	11638477	14775120	0.247893341124633	392	0.123681772498725	2.73300186111414	13589	1.65084790474331	16	12	4	-6.7332429260684
chr16	14864581	16187297	0.00563453764331057	99	0.12317428695977	0.713673667115323	3698	0.362683539468709	4	4	0	-6.74999360029154
chr16	16190415	29361079	0.345200066230143	748	0.101534804454516	0.996841101968839	28980	0.335823345167739	6	4	2	-6.76969045319834
chr16	29374973	32454414	0.498821112012713	144	0.0981364408550592	0.683389068235194	12626	0.193001256141938	4	2	2	-6.73607946696801
chr16	32879365	34163177	0.286491449746819	30	0.147470647771084	1.25939241323566	1302	0.405577665167525	7	5	2	-6.74954326805584
chr16	34163325	34595573	0.355699762293018	48	0.139081153920603	0.643444464473136	451	0.428478048663809	3	2	1	-6.82564129858108
chr16	35084465	36104296	0.499254340932836	14	0.0673103767125606	1.35707185372248	749	0.56507350220087	8	4	4	-6.73310405421978
chr16	46386441	46401545	0.325182272833125	46	0.133713322660851	0.436013173859589	579	0.134443241011129	3	2	1	-6.74712243749609
chr16	46401549	70066006	0.00300580850828513	675	0.0291101968531795	0.518817619412501	30706	0.164992780862329	3	3	0	-6.93919084599092
chr16	70125888	70166290	0.479078822453716	31	0.150188254627174	0.514360960472425	449	0.189919223843372	4	2	2	-6.79556268232273
chr16	70621903	90094657	0.000462523064815423	1038	0.0463814162714843	0.516990279051283	27040	0.172414577285821	3	3	0	-6.8366411804136
chr17	137681	11983547	0.413101743870636	1287	0.0957844570129011	0.863426587912026	47985	0.275610593145667	5	3	2	-6.77585577494744
chr17	12011140	21244091	0.498839633283783	766	0.098140553980692	1.21531744712596	26359	0.436711601096846	7	4	3	-7.04227635530661
chr17	21258313	21326433	0.353211307020349	133	0.135094538343603	1.06527596064264	597	0.339943202814056	6	4	2	-6.74674651474632
chr17	21340101	21416596	0.117821732908993	37	0.110923606804623	0.994498364127946	146	0.197539636964184	7	6	1	-6.79994460804084
chr17	21416643	25074523	0.183565781825885	119	0.148715737575007	1.06686475367526	1241	0.49390989412529	6	5	1	-6.76115178232593
chr17	25389878	26952458	0.259262703211751	14	0.160083975215757	1.17495379539158	166	0.508761836572559	7	5	2	-6.7497265203797
chr17	27000484	30816009	0.498879875128501	245	0.0875351551038584	1.37686348745377	18751	0.486303530025611	8	4	4	-6.73532934826494
chr17	30834485	31008112	-0.00319841251747544	9	0	0.703863510508835	692	0.23745801707199	1	1	0	-Inf
chr17	31327858	35130250	0.498802173097212	190	0.109395664654866	1.37876541942502	8857	0.532786700666129	8	4	4	-6.73527922580827
chr17	35155468	38169703	0.346241513588658	161	0.103180752198381	1.0199368862508	8343	0.322301746609187	6	4	2	-6.74253213985637
chr17	38458455	54439630	0.498900482989588	1059	0.0848349034497305	0.689810034169293	47083	0.211562968825816	4	2	2	-6.79500556950451
chr17	54678255	76332605	0.259667154031073	1638	0.0987175331725291	1.33554499881494	71875	0.50804617950059	8	6	2	-6.75067052831873
chr17	76340804	76684498	0.126198060275244	96	0.0745389446954798	2.61755668237044	3844	1.11048495665782	16	14	2	-6.73339701954575
chr17	76688516	81548049	0.280464900941508	635	0.0998312490311366	1.22032066000262	20255	0.437386364484167	7	5	2	-6.74654537385985
chr17	81552356	82668228	0.35501000768158	117	0.114197755968833	0.525819090179469	5274	0.161163633142905	3	2	1	-6.78302903403268
chr17	82725611	83134933	0.00235453093482796	45	0.0496407091004953	0.17217384343038	694	0.069962817718547	1	1	0	-6.7463563623449
chr18	47492	108488	0.497868115695851	13	0.201596067320209	0.787059592734844	145	0.450922619858016	4	2	2	-6.73708854692921
chr18	117394	5956484	0.385024323667759	255	0.0943796195318987	1.10636932188116	7535	0.410067287666038	7	4	3	-6.95882314651188
chr18	6046718	15378682	0.287486364447037	432	0.110111301443754	1.14499341123898	14872	0.417823939913249	7	5	2	-6.77400060540474
chr18	21077220	59002775	0.241953001524674	1103	0.100567802075194	1.35673702453919	48292	0.515029462102607	8	6	2	-6.73687972010529
chr18	59090909	76517442	0.40325072490693	345	0.0991857596334	0.902142641632432	11243	0.367056303671806	5	3	2	-7.02066905458753
chr18	76560754	76760719	0.188333347885409	32	0.132007266265059	2.31750918958238	451	1.62568203567716	16	13	3	-6.73417784888087
chr18	76761010	79174379	0.498694151808084	57	0.102717145745368	1.15611291432918	1965	0.446359373437643	6	3	3	-6.84993680570572
chr18	79281852	80257305	0.24570518549573	53	0.109727899375256	2.10375076379674	3452	0.801791482735829	12	9	3	-6.73497222036193
chr19	263280	6147442	0.00236567542145483	858	0.0387399393028484	0.725493425417797	29127	0.252695983839682	4	4	0	-6.97728595986104
chr19	6151692	7051632	0.000331064364760436	143	0.00791887981596156	1.00898317448815	5459	0.311264090322907	6	6	0	-6.73444388446667
chr19	7163129	17119562	0.000475111280834162	1271	0.0221869857781493	0.696499186550402	48135	0.227545229817842	4	4	0	-6.81464812720524
chr19	17143660	19187295	0.442672892375193	369	0.081804385361405	1.21794646270392	16854	0.379881743235336	7	4	3	-6.75653210926008
chr19	19194090	22073545	0.00197545750607847	303	0.00742326086507241	0.665426273335979	8475	0.209849684275594	4	4	0	-6.78921239109865
chr19	22138454	23146138	0.0318035197377391	37	0.126131658179837	0.156111038113909	1050	0.0642815492368617	1	1	0	-7.63038003769298
chr19	23199013	24175288	-0.00119380870088659	59	0.0130188910980824	0.635819662461296	1681	0.169252338742641	4	4	0	-6.82174707684851
chr19	27646381	36991249	0.324510593404434	419	0.107819976973903	0.548392759089694	15870	0.204959576282873	3	2	1	-7.41255499298245
chr19	36991863	58563286	0.498907532574253	3121	0.0973001336071392	0.686107366034889	101847	0.211767680995305	4	2	2	-6.77236018778219
chr20	87623	11608450	0.00426718015927313	421	0.0191724907671628	0.514276255009416	13289	0.166027859772756	3	3	0	-6.79339560027308
chr20	11810360	25773465	0.382844006895543	345	0.0915059337512891	0.834016341115376	13167	0.269378111017507	5	3	2	-6.78428276948386
chr20	25773519	26083048	0.0809265255026241	23	0.142815672128564	0.666758268463738	170	0.227821533052477	4	4	0	-6.92077435522972
chr20	28559257	31068296	0.476187924487582	423	0.162807315692375	0.789940855049867	1986	0.350734167826588	5	3	2	-6.921876032413
chr20	31259685	62008892	0.312826859571427	1417	0.101131156179549	1.03057696083822	67330	0.361196747565153	6	4	2	-6.78167958347909
chr20	62009016	64302708	0.222386353309563	277	0.0901780679993653	1.62640068855076	16487	0.532398116957413	9	7	2	-6.75276759678289
chr21	5125770	10737116	0.410420806929108	512	0.163914069026514	0.625400616685153	2907	0.356988989538176	4	2	2	-7.07535041977398
chr21	13010950	22815924	0.49869123255709	232	0.141438890849557	1.21462187952726	6349	0.580348379800523	7	4	3	-6.88640515268507
chr21	22901184	46692843	0.246207733877491	996	0.111379592685228	0.680786455537241	31381	0.222136868627896	4	3	1	-6.73815663614665
chr22	10662883	12638465	0.314843343839301	596	0.160566632454523	0.750027513561918	2442	0.35545779297119	4	3	1	-6.92311564394395
chr22	15552149	16784304	0.302400205530568	62	0.130779807354324	0.825336769010874	1130	0.446441763413728	6	4	2	-6.92422116482693
chr22	16839471	17084998	0.287799292877124	30	0.0840055348477555	1.85274190248368	786	0.746298966949931	10	7	3	-6.7477442311433
chr22	17109290	21067136	0.262354297142177	311	0.114483017203812	0.737507944330464	11105	0.353457265024153	4	3	1	-6.87104494161176
chr22	21067405	24495324	0.357364851736185	260	0.107406927405303	0.527440612234581	7341	0.207181823184544	3	2	1	-6.82568954501061
chr22	24502342	25626181	0.191256066047601	159	0.0997179487045639	1.9141770137395	5664	1.13873800222893	11	9	2	-6.73875406001063
chr22	25647836	26887558	0.227852760457557	70	0.100346345359037	1.37468499168143	3241	0.748811973766158	9	7	2	-6.74931018792115
chr22	27506315	32149654	-7.59843934915461e-05	231	0.0683776112669	0.522469754413409	10550	0.188541065738992	3	3	0	-6.7892783384498
chr22	32152434	34430480	0.32790924442779	87	0.111698393638432	0.932006111558675	2767	0.440065865983084	6	4	2	-6.78795115028329
chr22	34515959	35283958	-0.000844488821657441	18	0	0.531149774742448	293	0.237643187788788	1	1	0	-Inf
chr22	35315196	36846433	0.234338517057659	280	0.107278370292985	2.39038012447432	9502	1.22951343487566	13	10	3	-6.73770024780644
chr22	36870280	37333665	0.152828015177089	143	0.0738650406036729	3.42788430846649	5307	1.3859327127281	20	17	3	-6.73392638018976
chr22	37351101	39116606	0.132153111544596	472	0.0856669750366661	3.89098605302445	27905	2.15146714359034	20	17	3	-6.76329065468189
chr22	39120174	42430294	0.215124686762076	601	0.106538569306432	2.46693368660648	28328	1.31561865304365	14	11	3	-6.73477919323249
chr22	42491782	45212311	0.00107965122044118	224	0.0487815002780624	0.521154342986566	4623	0.177345402839098	3	3	0	-6.76405186556653
chr22	45287365	45434217	0.357511376499188	43	0.0837597352236727	0.831586330317177	688	0.265849506659164	6	4	2	-6.8327904380641
chr22	45467634	46105546	0.0006875878972189	29	0	0.530957073989707	762	0.171500494995438	1	1	0	-Inf
chr22	46248067	47183910	0.382202079527699	170	0.088785294036646	1.5499695186643	4277	0.601183948153872	8	5	3	-6.76454097117289
chr22	47461788	50808020	0.00208727494556987	257	0.0252419595829938	0.514848491651014	6491	0.170540515907568	3	3	0	-6.74742265808562
chrX	288633	9944752	0.498723516421632	252	0.11705010214354	0.563757620097737	6811	0.226806498963496	3	2	1	-8.74625621139858
chrX	9956362	43802030	0.330024875599138	554	0.118617172989721	1.00409483408041	35210	0.363561806401242	6	4	2	-6.75917847311241
chrX	43907863	50539628	0.388421061832653	340	0.104318504128756	1.61050265522387	25661	0.65320497982264	10	6	4	-6.76487656250451
chrX	50607674	57734261	0.322209416008121	165	0.0989714379427483	1.0008354481686	11512	0.316881217758593	6	4	2	-6.75176574276085
chrX	64190230	82302185	0.291921242627415	296	0.0966026233320361	1.17039554874817	24433	0.435520737951826	7	5	2	-6.74647902738491
chrX	83208546	86799135	0.00248853969780016	22	0.00234520787991171	0.713279812385373	1697	0.283361979742927	4	4	0	-7.41009055377525
chrX	87614100	155985886	0.00322256269255333	786	0.0564962546589561	0.345246296591151	39833	0.125403803910218	2	2	0	-7.48488060767239
chrY	11293647	56837148	0.0709835662764267	56	0.148153465537089	0.303046746058507	129	0.219591703189114	2	2	0	-10.5232710652506
chrY	56854908	56885653	0.498507979119722	64	0.143341860211485	0.703007816676445	210	0.325915323351001	4	2	2	-6.7333202258014
