chromosome	start.pos	end.pos	Bf	N.BAF	sd.BAF	depth.ratio	N.ratio	sd.ratio	CNt	A	B	LPP
chr1	13273	121530952	0.498909220923913	8537	0.113461558544508	0.896982510004035	298814	0.376810171877426	4	2	2	-7.30269536272234
chr1	124514134	143253209	0.350257089520344	15	0.158055505621104	0.619971370191172	282	0.304024983086885	3	2	1	-8.05768522860708
chr1	143595303	157187075	0.412250927029163	1101	0.10201580864475	1.03346600713768	58825	0.380192238467752	5	3	2	-7.42320626824959
chr1	157189708	189024413	0.416186605695794	1909	0.101278910349907	1.18422192539335	75939	0.444734203838461	5	3	2	-6.78560255288473
chr1	189055349	199600180	0.498775114675033	330	0.103381812039226	1.36200038596703	10998	0.581859622158936	6	3	3	-6.74276405710245
chr1	199752544	223496280	0.431805916610487	1748	0.110380762476322	1.13560765256679	61972	0.449736395617393	5	3	2	-6.81697482395351
chr1	223503864	248945592	0.411743291501203	2574	0.114239323785894	1.13029198849757	67840	0.45529121647989	5	3	2	-6.79218058943431
chr2	88159	92075324	0.498893161426359	4376	0.113478909150512	0.945533434091151	161148	0.405746907955	4	2	2	-6.83703343454
chr2	94190317	95939329	0.472582583505207	69	0.124619689144297	0.939940493014839	3281	0.344425463493092	4	2	2	-6.76316997414318
chr2	95939402	95957250	0.183111929457305	54	0.118357894518991	0.837580497929103	178	0.271928542271351	5	4	1	-6.76062988893106
chr2	95957268	174555551	0.498886627223547	3414	0.109892860465635	0.994248915463058	125893	0.414269638953023	4	2	2	-7.79254331421659
chr2	174562286	217885654	0.498869804405835	1897	0.104649653538144	1.04225152280495	77500	0.405384808627445	4	2	2	-8.32344279566247
chr2	217885980	242183318	0.49889167607527	2074	0.106503516525	0.913756621064121	63891	0.357413624381863	4	2	2	-6.76371780333042
chr3	13142	8659850	0.498784664587053	439	0.123529980566884	1.05711025425349	9158	0.451313589043405	4	2	2	-7.13132854866962
chr3	8663869	75515458	0.498889030060721	3735	0.106419150811488	0.919196111981558	150500	0.383497228038818	4	2	2	-6.76294438683796
chr3	75515493	75736929	0.489213268937989	96	0.163956892869127	0.802465553145804	556	0.39658320389829	4	2	2	-6.75365177249391
chr3	75737079	90303819	0.498808420178452	347	0.110046288461286	1.15340248448882	9399	0.510006564642409	5	3	2	-7.18297916126699
chr3	91404436	130006543	0.498878460732819	1880	0.109122859397277	0.993631473772873	63960	0.402330275577939	4	2	2	-7.32111245523748
chr3	130014654	130085579	0.497958635658909	12	0.166521884083708	0.829355340794936	123	0.293110209810739	4	2	2	-6.73947587934326
chr3	130086421	195774150	0.498884175634576	3120	0.110440522458807	0.986413500222792	104685	0.416753913079551	4	2	2	-7.45747863944391
chr3	195778965	195788543	0.408493306727498	58	0.147245991567404	0.625240400094861	261	0.180334765900849	5	3	2	-6.8019806811362
chr3	195788578	198113542	0.498802562006167	303	0.100083940247192	0.810813194438561	8917	0.347043409801203	4	2	2	-6.93989248434221
chr4	46210	9863231	0.498857022851152	1266	0.119974088343088	0.884275632068402	29778	0.330919378899169	4	2	2	-6.86063275842458
chr4	9908226	39156013	0.498851867726744	1085	0.111365117538315	1.03713424567935	30986	0.466109291810966	4	2	2	-7.58218836711425
chr4	39289763	40981911	0.498716059302204	175	0.127294030936202	0.780968389519985	5783	0.339623138030692	4	2	2	-6.9868707807219
chr4	41033078	49061855	0.498812973211616	377	0.108293483498333	1.02099564799019	11656	0.408633631312775	4	2	2	-6.98049755308144
chr4	49108385	49627330	0.49846163230791	111	0.168976409676105	0.612454440007008	551	0.396179197379458	2	1	1	-6.88117385433015
chr4	49627355	49711644	0.227278902803736	9	0.159245704634205	0.163532347258892	28	0.242187692310898	1	1	0	-7.86244844724143
chr4	51819050	54636336	0.498742391890961	90	0.11336026833487	1.00697692326158	4054	0.399764659215386	4	2	2	-6.80124370137397
chr4	54649043	54867256	0.245207939777895	19	0.0735670915495803	2.32699646527274	703	0.760458073123663	12	9	3	-6.7429225862128
chr4	54876038	58507284	0.498786349394987	212	0.113234672685072	0.920115918438787	6935	0.408766634292904	4	2	2	-6.73427212590002
chr4	58975852	189881386	0.49889363716617	4458	0.106314372171041	1.03494636035773	169217	0.435549735926606	4	2	2	-9.61489809182813
chr4	189881413	190179679	0.498501297896514	56	0.160774537623505	0.809474913576444	413	0.33600868229159	4	2	2	-6.76294505126678
chr5	44595	488195	0.375875743538711	21	0.104704004562522	1.40939761346536	2312	0.492723224730591	5	3	2	-6.80560404149489
chr5	491711	796859	0.0659002572536866	55	0.172987440426912	0.446098366877248	742	0.155245067780124	2	2	0	-6.83117829531639
chr5	801038	1225561	0.0161048391083667	91	0.119815937388391	0.403181693100929	1366	0.164870644545183	2	2	0	-6.92571883703567
chr5	1253629	1377819	0.252630503692177	25	0.0784154109003241	1.61409868325511	978	0.412032342778631	8	6	2	-6.74236913141717
chr5	1393845	1466698	0.00201723472078708	13	0	0.439889162929059	233	0.147084377925352	1	1	0	-Inf
chr5	1489591	3384089	0.319148461984101	97	0.136774696689992	1.38419601593683	1941	0.635595632522526	6	4	2	-6.7395979516379
chr5	3524580	4095539	0.000223222210228857	17	0	0.557784121533751	288	0.237094326191487	1	1	0	-Inf
chr5	4210499	12439481	0.290218790322492	440	0.118427493036264	1.69084024624747	12372	0.747631100299986	7	5	2	-6.74756355334481
chr5	12439592	13638374	0.187328355812977	42	0.086968565349125	3.67678393294732	1488	2.11548527358655	16	13	3	-6.7330497390994
chr5	13650357	16214692	0.313565247586501	198	0.107580515774234	1.5707366392422	6182	0.633305862119981	7	5	2	-6.77748601982678
chr5	16259179	17729178	0.162185481071939	188	0.0960404587251653	2.51413703983393	6175	1.28540675121291	12	10	2	-6.73998417909504
chr5	17736184	37284624	0.309954052265978	997	0.118818759548198	1.71470519588514	31576	0.779354350262245	7	5	2	-6.81245010567788
chr5	37292137	37600256	0.485853279677583	44	0.123572070282533	0.746102180797663	1004	0.349536628964441	4	2	2	-6.81267238932917
chr5	37656989	45816754	0.235895288291737	424	0.105538548027555	2.03213170090199	17952	0.908016947656458	9	7	2	-6.74776089724346
chr5	49658498	50661572	0.497789685016602	9	0.173623715098037	0.936431457663658	282	0.435118563403666	4	2	2	-6.73333496054651
chr5	50750133	131243364	0.498880827219129	2766	0.111590002677684	1.03273494748155	102251	0.443048426522607	4	2	2	-8.69184108065288
chr5	131319780	181288546	0.498881607595598	2844	0.115098541375427	0.915861741563203	115510	0.376931258686477	4	2	2	-6.77487652324825
chr6	160049	32485632	0.333626268390164	3596	0.115484993371692	1.38017361028825	100743	0.562942864981987	6	4	2	-6.73853775520369
chr6	32521989	32581639	0.189784696517191	32	0.176850467066426	0.501567627556188	90	0.474178827737128	5	4	1	-6.84513750079252
chr6	32581704	32937204	0.286775184656841	201	0.116855069056413	1.46399211169977	1818	0.436340587627473	7	5	2	-6.74533056599691
chr6	32950871	41543021	0.337713551175275	1091	0.109916192241771	1.32704758373383	37608	0.497611877446748	6	4	2	-6.78303859496592
chr6	41587255	44312930	0.32818165591776	479	0.11175302186237	1.21418925088354	19402	0.438893305559075	6	4	2	-6.89093859904618
chr6	44313075	58414703	0.332764160074328	760	0.103161372484908	1.58686948709408	28956	0.607669402555034	7	5	2	-6.86857076329021
chr6	60281479	170736935	-7.39956029858213e-05	3245	0.0323185281976395	0.504751913594924	110952	0.231013139374608	2	2	0	-10.790701893239
chr7	37991	413634	0.49892311371604	57	0.0956715218873967	1.75641625496769	913	0.592707486562646	8	4	4	-6.73512448174206
chr7	430570	721356	0.251294340264683	100	0.119193957459888	2.9550805908301	1834	1.38194530745676	12	9	3	-6.73341505162545
chr7	726583	1777913	0.319023344147195	309	0.0995168939218364	2.44064908231377	9290	0.8847069628963	10	7	3	-6.7568679295941
chr7	1787054	3464299	0.498775081137439	316	0.11071903863099	1.8496871192675	9218	0.845177615339976	8	4	4	-6.73312997313167
chr7	3586416	5231042	0.00101797938318804	198	0.01899012445851	0.831482629460182	4859	0.370282770882129	4	4	0	-6.82179621326293
chr7	5235906	5365706	0.479128149475019	59	0.0980242339339622	1.49277868628224	1102	0.556069889796875	6	3	3	-6.76130635875499
chr7	5377790	5732595	0.000121539468290188	57	0	0.824459778127336	1696	0.437928492966677	1	1	0	-Inf
chr7	5771669	6086683	0.269558637994909	153	0.130895646851364	2.39663671073012	3407	1.30899903262507	11	8	3	-6.7338297913375
chr7	6092463	6265394	0.207377498638968	83	0.0927344009280609	3.63123222593261	2343	2.03136419103815	19	15	4	-6.73467548158212
chr7	6265448	6624672	0.498728286570212	112	0.135944642651001	1.47431314332147	3351	0.711164932130231	6	3	3	-6.73444211007873
chr7	6629829	6814881	0.281659848600959	64	0.109607071256577	2.30325809318888	1686	1.02366219977291	11	8	3	-6.73814707846597
chr7	6816709	8078014	0.00102313532644926	111	0.106261039509354	1.03907124576437	2440	0.416641840824948	5	5	0	-6.78637043377778
chr7	8086564	9171060	0.46471869561568	53	0.0925662003723757	2.14161219786809	1310	0.998072530005156	11	6	5	-6.76049670263387
chr7	9203449	9878564	0.28754186245724	61	0.0956519790328259	3.86865095042298	921	1.67562568446053	17	12	5	-6.7359232024857
chr7	9932900	11736422	0.499204240224766	89	0.0744340787109267	2.26405812080722	2847	1.02072694969496	10	5	5	-6.73376638613305
chr7	11769292	19617082	0.000663147993794688	337	0.0439312088295675	1.16637172190342	8455	0.525929005366567	5	5	0	-6.73351458187076
chr7	19729671	25595781	0.498857759522123	510	0.101138222810446	1.93940748320481	16206	0.829693871793862	8	4	4	-6.74254661518681
chr7	25689798	34085808	0.00232621725031862	484	0.0414227865866265	1.00798458366405	15342	0.412902873169506	4	4	0	-6.92603383176282
chr7	34116625	34216886	0.499000490354005	9	0.0962472221821377	2.4286085702955	155	0.786860297868663	10	5	5	-6.73328939162918
chr7	34440733	51348465	0.0036517653542058	861	0.0634513772394791	0.980527271965624	30129	0.424795332552904	4	4	0	-6.89522174896807
chr7	51359789	54419901	0.308027706860532	127	0.0891564433514265	2.3860525586055	3392	1.17269781082788	10	7	3	-6.73887181860988
chr7	54420187	58091518	0.498814849372916	504	0.116760758908615	1.72835512481792	12185	0.739413861975537	8	4	4	-6.75402615154427
chr7	60958177	77983653	0.32507629114335	1852	0.125859427499029	1.21547558336659	51732	0.54036475472273	5	3	2	-7.01083649101143
chr7	77997117	97767006	0.333420051009785	876	0.10971775611918	1.61532717722413	33534	0.642490267971108	7	5	2	-6.84551469856874
chr7	97803453	100951903	0.326801917938727	480	0.104095994933876	1.18708146001773	24140	0.440629298177713	6	4	2	-6.97524405710351
chr7	100951933	100965637	0.152610598219805	143	0.14936816400822	0.76243723505904	705	0.206508071238052	6	5	1	-6.80762290160316
chr7	100965685	102480374	0.320284744900246	372	0.115451954658417	1.03726396356488	10542	0.414089570201671	4	3	1	-7.01140268866781
chr7	102492750	152273892	0.333028898834068	3518	0.109242381721993	1.4372191564997	126338	0.592058140306492	6	4	2	-6.81389042234517
chr7	152281681	152410518	0.147399995228222	95	0.145303969144164	1.10268304492557	655	0.598012200682939	6	5	1	-6.75536788141624
chr7	152410761	159261057	0.349181284723084	659	0.123171037497026	1.37208670436845	15075	0.581127216889956	6	4	2	-6.74581797956556
chr8	213654	43438973	0.209967464970774	2478	0.137670747757013	0.594478542879417	62339	0.269332806679925	3	2	1	-11.3376116114422
chr8	45952307	145003393	0.365983416362352	4474	0.110337199521446	1.34421320170974	174679	0.577846868113633	6	4	2	-7.00601498209235
chr9	69434	33677434	-0.000698530447274026	1233	0.0158165438854279	0.500724570266584	30040	0.239197223493806	2	2	0	-8.26301763439562
chr9	33737204	38636229	0.498818304041745	440	0.106012042294308	0.878835087753972	19269	0.33559377286066	4	2	2	-6.81212875615467
chr9	38636334	42975633	0.498661403551112	411	0.149408092174554	0.963836433689047	3679	0.436919833898064	4	2	2	-6.75162546420946
chr9	43034215	67800317	0.317403172249753	156	0.16357938253967	0.957241885391497	2656	0.453363493196469	4	3	1	-6.89787438033122
chr9	68337625	96727038	0.498862296450536	1490	0.115557248652898	0.954434770829075	50997	0.410741016798191	4	2	2	-6.80650789952443
chr9	96746577	98359193	0.24038022380229	173	0.0972446992028572	1.85437907178663	7983	0.688960360390924	8	6	2	-6.73890230893376
chr9	98447306	138156651	0.498884490421961	3156	0.110056314598409	0.889540265484285	113186	0.355143487584746	4	2	2	-7.06761009651127
chr9	138173223	138176464	0.217004439004229	10	0.168904312161255	0.624752613461977	33	0.303062812271348	5	4	1	-6.74722650422545
chr10	47588	38655428	0.498878295110787	2530	0.111474569133004	0.912700657982507	69448	0.39750485184136	4	2	2	-6.7780561746052
chr10	38681065	39131354	0.498371808742326	54	0.170784031848974	0.737395572532251	250	0.406247002949711	4	2	2	-6.81909040736822
chr10	41860304	42286998	0.271719300072463	42	0.156236464222067	0.538169443999289	313	0.270094532874668	3	2	1	-7.05009556419544
chr10	42337130	67503895	0.498849555713977	1014	0.102589792127538	0.987587807489165	32468	0.417778643081231	4	2	2	-7.04155280028194
chr10	67606844	75422261	0.498840151237959	777	0.114206237926289	0.821732106580077	27369	0.332807594219028	4	2	2	-7.30996467680252
chr10	75504283	91630923	0.338998669252625	624	0.108611047080808	1.47225892061161	29764	0.624788399975619	6	4	2	-6.80899032528341
chr10	91641350	105383334	0.331394323404232	1311	0.108602413309993	1.3163070404515	58379	0.51388580875864	6	4	2	-6.83252760804521
chr10	105383414	132047164	0.322438322303519	1658	0.11193613049097	1.43278497803358	56169	0.60135085755374	6	4	2	-6.77300571994157
chr10	132048948	133787106	0.345283651338017	272	0.121044199493214	1.29365823964736	7423	0.397765653518005	6	4	2	-6.77496722665576
chr11	198665	4389477	0.498844368823881	874	0.105137092637228	0.831928686372394	21080	0.279677211962584	4	2	2	-7.10035359329888
chr11	4389704	8117316	0.49890654096321	590	0.0900958650326097	0.999112466214831	14323	0.278675041714916	4	2	2	-6.88231533747043
chr11	8129093	50553118	0.498873390450012	2138	0.110798700936216	0.948259831987977	73923	0.396501652472401	4	2	2	-6.80129496947077
chr11	54591998	56700571	0.499000989528442	114	0.0977125067219159	0.996209866390979	3856	0.288020851520305	4	2	2	-6.80684484606653
chr11	56700635	56701244	0.0970690009446149	17	0.0935014155287627	0.789612907416649	50	0.133852738149819	10	9	1	-6.75725837729479
chr11	56701339	124238767	0.498894728002301	3794	0.111365959326298	0.908869134439114	171352	0.362937367042392	4	2	2	-6.87565900845134
chr11	124250452	124274783	-0.00319841251747544	9	0	0.547828744112826	90	0.161576820085722	1	1	0	-Inf
chr11	124309760	135028117	0.498817556880491	432	0.111626004840288	0.967664696627923	18751	0.380459442389154	4	2	2	-6.80650661057527
chr12	22477	8916217	0.3515019681269	985	0.130118578718303	0.675022871077831	28019	0.269744161291635	3	2	1	-6.81687080637644
chr12	8917770	14193008	0.381127210756207	444	0.117732355214963	0.764280654053804	12581	0.285117079841978	3	2	1	-7.14706730300484
chr12	14199384	31088026	0.498823617647259	809	0.108054668546554	1.18510290848995	28297	0.476889088824058	5	3	2	-7.21566227375321
chr12	31089337	34523014	0.498809627656993	357	0.110678717710851	0.97904329851865	7795	0.413161797924382	4	2	2	-6.76629243576249
chr12	37418138	47258472	0.338236888126172	534	0.100123641547691	1.96658623687132	22443	0.811158231981025	9	6	3	-6.76752530543132
chr12	47270546	94274083	0.297651288389247	3286	0.109406163949184	1.61430741299915	150812	0.671706308187501	7	5	2	-6.74317431097613
chr12	94274228	133056950	0.286179493732977	3285	0.114898357015009	1.49176512016159	153368	0.631963130784295	6	4	2	-7.0923334112187
chr13	18177561	18692949	0.498370794966461	62	0.174698005650358	0.780803835931237	723	0.375087649306051	4	2	2	-6.79864828418187
chr13	18693149	114325598	0.49889119699567	4056	0.113866739527128	0.995483501397726	127710	0.429731616619242	4	2	2	-7.9425951087819
chr14	16057734	16402218	0.497774397568054	6	0.19133260743184	0.909686900650458	35	0.380941873419515	4	2	2	-6.73373220000162
chr14	18330642	19975490	0.319583402044005	145	0.106040182960512	0.977275106383254	2149	0.33218900114328	4	3	1	-7.0038373395065
chr14	19975505	21754293	0.498839665757488	302	0.111702657617131	0.859490365956261	8971	0.30636408180513	4	2	2	-6.80088038095907
chr14	21754934	22514585	0.499193702460329	95	0.0653180400852805	1.26413063229353	2503	0.352461620799571	6	3	3	-6.76766532601255
chr14	22515608	106638951	0.498895249684955	4750	0.112929371706998	0.922961758324142	176382	0.389052587723604	4	2	2	-6.74671217816751
chr14	106639148	106643616	0.0729571831943999	24	0.10383612192966	0.794046035251732	75	0.478702807238121	13	12	1	-6.75469774263007
chr14	106644803	106878743	0.498792572156689	52	0.106224887015321	1.10640071581118	931	0.254809728015679	4	2	2	-6.79850503637012
chr15	20011061	23442768	0.496073404007527	345	0.136161471828545	0.817247661861259	5986	0.330163434785537	4	2	2	-7.02825628836928
chr15	23443797	40265863	0.498826331267107	938	0.113777404074897	0.966276858536398	30923	0.389190492911724	4	2	2	-6.83511375327492
chr15	40266281	101980762	0.498886721856537	3426	0.116686683795208	0.901258532197666	161534	0.368072610123007	4	2	2	-6.97247047958195
chr16	11641	32993084	0.498888360198272	3642	0.115178067129622	0.827284649797735	117047	0.326456108359977	4	2	2	-8.5469000514066
chr16	33048885	35414415	0.498511037514902	80	0.182398921202117	0.818904174203801	1813	0.387305185944354	4	2	2	-6.87969085796767
chr16	46386441	46437595	0.334528452597173	49	0.144299280361772	0.424185048510292	472	0.149050703221082	3	2	1	-7.05520559201142
chr16	46455290	70123202	0.49886359393272	1209	0.108295833056861	0.873586112676274	57882	0.371884859050682	4	2	2	-7.09696908027841
chr16	70123927	70680681	0.236495436742715	54	0.13640023756514	0.695336563579436	3840	0.306803926403385	3	2	1	-7.02117313966778
chr16	70692892	74359841	0.000853174218597819	160	0.0555969459677723	0.436073024608524	7254	0.204134628492775	2	2	0	-6.93592189943709
chr16	74360527	74418173	0.498459530672996	27	0.212940851571055	0.409801035697327	316	0.209475497844754	2	1	1	-6.74538506948236
chr16	74433795	90106232	-0.000564320038475008	1562	0.0415322901816967	0.431156874368163	29011	0.197176542879841	2	2	0	-7.8393162006716
chr17	138189	21266324	0.498877016056771	2420	0.116849306134327	0.831994226418681	88069	0.325432159379642	4	2	2	-7.91772724079984
chr17	21290766	25074523	0.498593475727292	388	0.15913631443545	0.807507721218643	2272	0.346531100852499	4	2	2	-7.08262978387767
chr17	25920162	26952458	0.394865861859365	12	0.17188147783936	0.455215741701399	127	0.266418773981131	2	1	1	-6.95302175529421
chr17	26982170	33443715	0.494106534544692	474	0.113432079484728	0.839701756611006	25847	0.34057966549186	4	2	2	-7.05721791092857
chr17	33457647	83135542	0.342681348933836	7006	0.115434041881114	1.23633130337649	234706	0.49785617932789	5	3	2	-7.31739793699486
chr18	47858	2728688	0.204170634892922	179	0.144464301923213	0.606594019922487	3556	0.293447168543435	3	2	1	-7.51619404707835
chr18	2729179	15350708	0.498847987332382	969	0.111061689745843	0.960914663438022	24606	0.406463818279054	4	2	2	-6.78530912971403
chr18	20944336	80250865	0.49887664295101	2389	0.109962095366362	1.00551013145926	78716	0.440965528062359	4	2	2	-7.706368030105
chr19	107329	876882	0.49878262933524	196	0.114921696887443	0.775054622526673	4149	0.295392791696474	4	2	2	-6.90172959080402
chr19	877808	879735	0.0961394376808139	18	0.156803455093986	0.220724124600461	56	0.172675236608097	8	7	1	-6.92428314814467
chr19	879743	24394239	0.498892115520271	4202	0.11972935022576	0.782672296146219	144640	0.299173538605062	3	2	1	-9.31754480793911
chr19	27646333	44497346	0.498884600240611	1807	0.114769968876543	0.8143164777054	72329	0.317684265029022	4	2	2	-8.10282618820369
chr19	44497567	53617219	0.498873069655435	2115	0.1214162768881	0.786908339175905	62153	0.29629081088628	4	2	2	-8.08947353717053
chr19	53625193	54081169	0.49871903030529	173	0.138841653833999	0.656346432623335	3045	0.267633517179269	2	1	1	-7.15832734217534
chr19	54087155	58599150	0.498855001316192	1191	0.122143581740769	0.820628420833282	30581	0.296724132137312	4	2	2	-7.17156207707356
chr20	87623	6952722	-0.000118054689402	766	0.114771639339795	0.88950040015439	21227	0.36663497284078	4	4	0	-6.79001013632806
chr20	7001509	25773465	0.498839585754868	765	0.102690971975558	1.02448016444245	26374	0.416201175936457	4	2	2	-7.29989642116538
chr20	25773589	26168423	0.0720010392125301	37	0.174770742151861	0.901084833322338	384	0.341677876867189	4	4	0	-6.83504641061455
chr20	28559257	31244855	0.498642232607556	616	0.169424210319675	0.772872913015824	2781	0.386531011867287	4	2	2	-7.07718905928256
chr20	31248651	37232085	0.498839538151338	764	0.113417186441786	0.811056387328067	27690	0.326396913971116	4	2	2	-7.29674269777075
chr20	37241420	64327831	0.498873473454903	2144	0.110215395372468	0.900734137953291	69074	0.358237201916095	4	2	2	-6.85071025997456
chr21	5034010	10372303	0.495689669181414	255	0.166839869366377	0.732739146832353	1919	0.339443732275922	3	2	1	-7.32339027272811
chr21	10372482	10412095	0.474715717332211	180	0.171088226520353	0.463887943833372	502	0.235857451663223	2	1	1	-6.74610605185114
chr21	10412173	10739746	0.370052967824059	304	0.149518949554356	0.644920490302659	1758	0.27887668452068	3	2	1	-6.78401579410729
chr21	13000242	13035101	0.406903190847947	20	0.148513077574085	0.707349428891818	112	0.326987491840009	5	3	2	-6.78199325315021
chr21	13036507	23556656	0.00225455617738879	287	0.055441958390964	0.557982651840558	6253	0.275253112658926	2	2	0	-8.71431241205932
chr21	23734519	46661749	0.498868875825136	1840	0.116694455691251	0.912649350284777	50916	0.376790435690402	4	2	2	-6.76307098330536
chr22	10684424	11573342	0.493167390796491	531	0.159338610225728	0.664394761114691	2006	0.305204154426338	3	2	1	-7.29595934535284
chr22	11573349	12797360	0.255762854621761	179	0.141042964894187	0.821127991499762	922	0.325289695999154	4	3	1	-6.83774840753206
chr22	15541395	50782306	0.498891566567796	4114	0.118984719505211	0.839295957032764	123138	0.334571318805056	4	2	2	-8.23123727471507
chrX	284193	2959835	0.00223327834020276	426	0.0714685855364861	0.383713743109682	5464	0.202381437434454	2	2	0	-7.90233116922334
chrX	3001312	57977737	0.00103176124531373	1391	0.0289809206379441	0.481282801783642	67112	0.226668216498499	2	2	0	-7.45426817466526
chrX	63895417	155985299	0.00128259825736488	1956	0.0372845471721448	0.490957567668925	91100	0.220309717596141	2	2	0	-9.05737011848115
chrX	155985332	155996516	0.15684123690153	11	0.169330124044988	0.450687121847363	43	0.206225720071594	5	4	1	-6.90983971150633
chrY	11185998	56854914	0.227847171932782	93	0.172102887619786	0.346080619691991	225	0.320002398118494	2	2	0	-14.1309083931788
chrY	56858009	56886905	0.49855066633692	104	0.139826722157374	0.765438351553008	308	0.270226026225823	4	2	2	-6.74197445948584
