chromosome	start.pos	end.pos	Bf	N.BAF	sd.BAF	depth.ratio	N.ratio	sd.ratio	CNt	A	B	LPP
chr1	76811	13121743	0.498896260703617	1474	0.0917300910974139	1.15475029872231	55282	0.404768109198916	4	2	2	-6.74962064539505
chr1	13168169	13239742	0.209483510321003	37	0.115140161354571	1.08572866276437	281	0.460648490941201	5	4	1	-6.7556674970383
chr1	13240670	16539407	0.498841778263164	432	0.100409008772662	1.16373066676801	13243	0.429259611128891	4	2	2	-6.73437742738433
chr1	16543406	16945941	0.438981951976067	203	0.114711767663742	1.12970453666348	2440	0.423693471074101	5	3	2	-6.89364619894386
chr1	16947464	44462697	0.49891161796989	2574	0.0897631885193333	1.16958326607291	117915	0.423752402651369	4	2	2	-6.73626163516233
chr1	44463074	51166897	0.335796374734433	375	0.108478208922584	0.919631259359794	15776	0.322453877286123	3	2	1	-6.79893039430911
chr1	51171850	52663447	0.498851175389933	121	0.0995825971940471	1.19857501197938	6239	0.470332516559065	4	2	2	-6.73451444102793
chr1	52670261	116133414	0.331698504198617	2038	0.112319570557676	0.916843463028104	85974	0.334168202508151	3	2	1	-7.19727783574939
chr1	116170138	121568263	0.498813271776912	238	0.0980324528178383	1.19411962389783	9812	0.423580122127345	4	2	2	-6.73712947897689
chr1	125094663	174111759	0.327158223546196	1982	0.106065456199954	0.912031242929575	87391	0.302931403694081	3	2	1	-7.06720292734664
chr1	174133461	176095473	0.19912511983257	65	0.100249081618659	1.32168898868663	3324	0.566022496858625	5	4	1	-6.77464191766202
chr1	176184619	248916725	0.326351634875653	3686	0.109171380819592	0.887983419423416	126615	0.318939829265244	3	2	1	-6.75291237386558
chr2	45495	43644640	0.498870671723641	1395	0.10635251620682	0.606162972296901	52844	0.219075390202903	2	1	1	-7.188683866672
chr2	43650966	91987666	0.326913833922182	1846	0.113647391244379	0.925920757546228	69713	0.349182773872091	3	2	1	-7.24251827583006
chr2	94190317	95939417	0.49865059276574	59	0.128011800394836	1.15779982494642	3393	0.392908709629232	4	2	2	-6.73483076068178
chr2	95939496	95954090	0.0824100897931984	65	0.133257571223783	0.94519792497099	190	0.571604032752552	11	10	1	-6.77577338391401
chr2	95980545	97149219	0.474270411716016	88	0.115365082554156	1.18799316909105	7328	0.396967397687355	4	2	2	-6.76315163199576
chr2	97151732	97164367	0.196911161420035	25	0.127793557479762	1.12321632596771	124	0.441654778996727	5	4	1	-6.73620051625621
chr2	97167456	112286363	0.498870132967104	814	0.0945371782844048	1.20364967622661	27903	0.437366969096653	4	2	2	-6.75779925433706
chr2	112287867	112356427	0.0918701098906102	9	0.110276294420474	1.19432100511054	315	0.325737362455342	8	7	1	-6.95985608704878
chr2	112357528	242183350	0.498924808076701	5545	0.0911072900802563	1.18861563643272	238733	0.417126798489504	4	2	2	-6.78017081291112
chr3	51295	6480356	0.000231288507999139	182	0.00348777320899448	0.593576869373501	4207	0.225582492539226	2	2	0	-6.74188572009386
chr3	6633372	8890505	0.498797333965105	79	0.108900719759043	1.13719695046563	1872	0.456458073872324	4	2	2	-6.74057661297314
chr3	8936074	9124597	-0.00350069493198324	20	0	0.572878673079119	468	0.185824478411334	1	1	0	-Inf
chr3	9286358	10125580	0.499112576222326	147	0.0847600058788891	1.17160835629119	6631	0.371746516800987	4	2	2	-6.73315731348791
chr3	10125892	33041360	0.00279563451792247	620	0.0369612671970612	0.593254864868471	22641	0.21389766700601	2	2	0	-6.75819321937646
chr3	33153498	46168408	0.498865656785593	578	0.0880350118271518	1.18963584466265	31084	0.398091508749618	4	2	2	-6.73924985724724
chr3	46180437	65877013	0.335035146800136	978	0.101333481640908	0.889554101677735	60861	0.288731667192984	3	2	1	-6.74260157794934
chr3	65877049	77656004	0.222871071279836	588	0.114866674686121	1.19021400289163	13997	0.458135095969476	4	3	1	-6.77086840367605
chr3	77723814	90303816	0.340020287739696	155	0.120595898596403	0.897252026939117	4885	0.349580905722266	3	2	1	-6.75218785765522
chr3	91374173	94061265	0.0875428658462168	9	0.193590705125817	0.593467777385314	564	0.286436985241723	2	2	0	-6.85482978561945
chr3	94094327	130085350	0.00426247872206548	1161	0.0244402434767514	0.604381536144912	41698	0.209315367262863	2	2	0	-7.09300066219512
chr3	130086421	130089924	0.376315248671323	11	0.0946681284564903	0.542436373701434	22	0.114743465045129	3	2	1	-6.89177983688182
chr3	130102721	144109279	0.00191075871438096	350	0.0120342749697812	0.604648985684325	17957	0.210437604327321	2	2	0	-6.88874013258228
chr3	144311195	156354457	0.498874898994994	406	0.0830176229066419	1.19738223504598	15653	0.441066109282005	4	2	2	-6.74467730003374
chr3	156390739	191718192	0.00255880300682448	1020	0.0246458424072151	0.602652562177979	33364	0.215205922630189	2	2	0	-6.99695363911662
chr3	191927436	192884659	0.476554190781161	20	0.0460284808855515	1.12878049092125	584	0.377065508570734	4	2	2	-6.89170520871812
chr3	193100308	195783263	0.00545903303133971	230	0.08684953577561	0.60347820499766	4884	0.233534213845776	2	2	0	-6.75468904830473
chr3	195784575	195786872	0.0172039756220752	23	0.0922090767440608	0.253690790031599	84	0.101111521963527	1	1	0	-6.75678868153807
chr3	195788154	198119765	0.00584669042340491	252	0.102013242385894	0.60993924444246	6402	0.228496705342851	2	2	0	-6.77001377402224
chr4	46210	8919521	0.00388668204293274	696	0.0320815150624039	0.58200802024835	20351	0.201681821254469	2	2	0	-6.75655042960783
chr4	8967627	9038090	0.498650285791371	26	0.144851186235551	0.793362057933551	186	0.372224095582447	2	1	1	-6.76027028277605
chr4	9051523	9142842	0.0640903168927317	35	0.158780848918228	0.657939183608283	190	0.306073351624689	2	2	0	-6.8365547282264
chr4	9145832	9483996	0.013623171091566	10	0.18391667799426	0.831542443383544	116	0.39955840354206	3	3	0	-6.7407839165581
chr4	9484077	25148092	0.00291322249088516	290	0.0493202824778172	0.594722221296629	10055	0.217820569757129	2	2	0	-6.75895161931963
chr4	25264553	27476718	0.326862736046046	189	0.101380444009475	1.75867175892904	6210	0.776166300215353	6	4	2	-6.73549841101436
chr4	27481918	32064287	0.187205956677622	218	0.097117826670591	2.94073829215502	6124	1.90415175379793	11	9	2	-6.74177450186537
chr4	32224186	40689643	0.498820828175139	418	0.0996529026024684	1.26380466818608	13742	0.530419743924085	4	2	2	-6.82434308280296
chr4	40689753	41338303	0.331876870563436	64	0.121178194250883	1.78774469029542	2097	0.962993990674567	6	4	2	-6.73318723855582
chr4	41344255	49016897	0.498838058309241	289	0.0945980418828325	1.20783825074132	10676	0.434690419521673	4	2	2	-6.74997040134941
chr4	49092775	49709723	0.308029664111303	82	0.160694100537656	0.706548310703725	494	0.446144698961184	3	2	1	-6.83829525769944
chr4	51838796	87612894	0.498896611023022	1543	0.0905391756787974	1.20205998556673	53607	0.439914255394856	4	2	2	-6.78414403460959
chr4	87614949	87616286	0.498221702124873	12	0.186098947288313	0.603732996632146	44	0.302510569766241	2	1	1	-6.7330904478733
chr4	87624503	129231061	0.498885031556762	1268	0.0875664691924444	1.18459473607083	51786	0.446207416781037	4	2	2	-6.73909778234115
chr4	129280494	160001618	0.33936879340316	705	0.110605549920767	0.88360000383063	28039	0.324760124118067	3	2	1	-6.73517548396949
chr4	160078185	161538325	0.00303431026788903	17	0.0220707418783063	0.619227372615705	327	0.253951407196954	2	2	0	-6.77998147019968
chr4	161656278	172617773	0.312490519052033	271	0.114434227163861	0.900275738590401	9086	0.329384782512185	3	2	1	-6.77733589348849
chr4	172771894	189799797	0.00298766132251271	459	0.0123117828272259	0.592731171996653	13366	0.221326811685453	2	2	0	-6.7802932253625
chr4	189881370	190179746	0.498224808127759	43	0.175891851777149	0.743691149462352	351	0.376604323408875	2	1	1	-6.80172359293341
chr5	110429	1827501	0.0122402973740618	244	0.072131184507482	0.534210234524125	5003	0.195426213287223	2	2	0	-6.99061129467649
chr5	1843953	2277846	0.400717842566883	28	0.101937753337787	0.799433591905336	305	0.304077415774827	3	2	1	-7.01166602752984
chr5	2491851	5234596	0.0172705401566042	36	0.102939094336686	0.61497989906932	994	0.289103283301401	2	2	0	-6.78858383649055
chr5	5234915	6020375	0.33624658443198	31	0.119671126403254	0.905007797461614	890	0.30784960621957	3	2	1	-6.73658518642616
chr5	6150937	7188672	-0.000862408318364594	28	0.00453557367611073	0.603689279290512	773	0.232925260927067	2	2	0	-6.76236556684552
chr5	7263820	20463474	0.321377216736571	422	0.117509923193999	0.906554476711225	11955	0.334835527961258	3	2	1	-6.79059979902166
chr5	20615088	46008888	0.00390750368877318	584	0.0834532437863883	0.625784621382714	20780	0.230389197220315	2	2	0	-7.67140594814621
chr5	49601562	49659539	0.00201723472078708	13	0	0.030483847879064	26	0.016709463002926	1	1	0	-Inf
chr5	50190403	50818587	0.408791193137229	21	0.0717132517474314	1.48804136569437	595	0.536826124888327	5	3	2	-6.74221565240746
chr5	50832878	69480380	0.000522074680113283	600	0.0101552637732281	0.887200338297736	20402	0.321610752167514	3	3	0	-6.73788671330835
chr5	69508998	71467261	0.498245117204092	9	0.193179824113297	0.833687025841391	557	0.437174188571643	3	2	1	-7.16091665987821
chr5	71479844	77717606	0.000323511528785958	368	0.00642899301528764	1.06434064388503	11996	0.407747617122599	4	4	0	-6.95220516962563
chr5	77784965	95942975	0.00192398004015343	350	0.014655035639212	0.592154068736973	14236	0.21518782273461	2	2	0	-6.75377808992849
chr5	96142151	99229983	0.00428365455255719	155	0.00769360911938889	1.18131184767872	4046	0.42751412392118	4	4	0	-6.91366711193908
chr5	99388341	99534408	0.0639645473783739	9	0.166359550372078	1.35448849534368	127	0.509428069633225	5	5	0	-6.82272772574221
chr5	99536201	175899348	0.00149382097640291	2598	0.0190682571625009	0.865950466856168	103792	0.306176778194852	3	3	0	-6.90365889277189
chr5	175920006	176009652	0.463686262317492	15	0.196144795884013	0.953687537540234	157	0.510820142865387	4	2	2	-6.76259448766955
chr5	176038677	181281775	0.00288562550995219	609	0.0585385065268311	0.839137562654717	20399	0.296119402619553	3	3	0	-6.82354390815918
chr6	177697	32467393	0.334400169767434	1985	0.107061893129392	0.882734661963637	67021	0.296998313140996	3	2	1	-6.73313475247229
chr6	32473323	32661903	0.0825757555555736	64	0.0628217353828111	0.979916175848689	437	0.309356102443367	3	3	0	-7.63642729474754
chr6	32661939	34367314	0.311577672892398	318	0.11725813604193	0.882336656485874	9039	0.300416315559784	3	2	1	-6.75361321738209
chr6	34424876	57918189	0.498907347700181	1418	0.0898078312575176	1.18557995251991	63734	0.410306252235884	4	2	2	-6.7381246022469
chr6	60291702	170594710	0.498893309606962	4081	0.0960094279063874	1.07153232298233	144961	0.388957756110293	4	2	2	-9.19541087906575
chr7	37981	5898318	0.164585335305263	1175	0.091126691712765	1.6875041817991	32011	0.707304316840903	6	5	1	-6.74736036511386
chr7	5901578	5976004	0.499170181321855	21	0.0774970967198127	2.41098756507042	708	1.0850672554818	8	4	4	-6.73312108371666
chr7	5977892	16636539	0.166250885208777	709	0.101388585997922	1.73927477095334	20788	0.771881733304593	6	5	1	-6.73529369231597
chr7	16652800	58100446	0.3364247180365	1579	0.11077704175278	0.88788562016148	55818	0.32135633015	3	2	1	-6.74295862104724
chr7	61725388	100901706	0.329791762905092	1799	0.117393344305938	0.896046004874621	74027	0.321789704538981	3	2	1	-6.78708558058377
chr7	100927810	100960725	0.190627768013826	101	0.127793218649008	0.70377124859109	603	0.202708711686447	4	3	1	-6.98409011486436
chr7	100960738	101351979	0.398278844847743	188	0.122984475065212	0.887819775458585	4854	0.255747681148032	3	2	1	-6.89598858431695
chr7	101476906	102362517	0.00633481312135009	57	0.0250709144603802	0.576130089495872	2028	0.235699827758915	2	2	0	-6.77521805569332
chr7	102364276	152307020	0.332873529021335	2306	0.108191700716556	0.885265713764443	84161	0.301615631988322	3	2	1	-6.73666491754712
chr7	152379803	152416410	0.161650294349481	83	0.159099062245524	0.484362598492715	240	0.427877548584855	5	4	1	-6.91212239084159
chr7	152416418	159315787	0.339457724323837	377	0.122929348968197	0.86700626092721	9500	0.330457503933102	3	2	1	-6.74613662395844
chr8	213476	40328265	0.003386468191381	1651	0.0631714883527141	0.591948167824538	45306	0.216322069590677	2	2	0	-6.75519171580808
chr8	40338646	43173910	0.359228368868251	107	0.11055425759478	0.951023402933547	7093	0.358026756114724	3	2	1	-6.83944552176704
chr8	46893065	54679776	0.476836822138929	189	0.1036789822639	1.08835862085102	9770	0.431041259198468	4	2	2	-6.91139437541256
chr8	54701407	135015864	0.334258311087155	2150	0.113492258983787	0.897813000096442	81970	0.325698297932309	3	2	1	-6.86742485570621
chr8	135019117	145055899	0.498892384142478	720	0.0867781122547424	1.14102969030139	29804	0.38436873879512	4	2	2	-6.77096904895652
chr9	117666	35845932	0.00246841832619671	958	0.0136843559738432	0.602812925381631	31608	0.215774308107314	2	2	0	-7.01691041540028
chr9	35868005	37599171	0.49882712584244	180	0.0966038662955071	1.19289098514653	5732	0.451044337631549	4	2	2	-6.7341020876453
chr9	37599822	40875751	0.37068349411996	200	0.12984639078929	0.916734651220583	3447	0.370545963978674	3	2	1	-6.80313816209818
chr9	40883932	40998559	0.178466112396335	79	0.123972349578104	1.31623468303964	352	0.532753267862849	5	4	1	-6.75405501713082
chr9	40998571	42975562	0.317291315797639	189	0.151947290589254	1.11879883942297	1843	0.455910052218074	4	3	1	-6.86282573120651
chr9	43115273	78030388	0.321170535838618	503	0.128663504395112	0.925401172822174	15645	0.39867080866871	3	2	1	-7.02373934456891
chr9	78030731	99060089	0.234972504642042	1084	0.10858473307248	1.17467071558587	42812	0.443888795927952	4	3	1	-6.74464528980399
chr9	99073988	107439720	0.00503991287656225	184	0.0111426259726407	0.891386468286147	9088	0.309777054037585	3	3	0	-6.85878105026595
chr9	107457483	124503098	0.00321418829157982	512	0.0505707390227128	0.305710197325498	18387	0.123738089165932	1	1	0	-7.59803758281662
chr9	124693960	126199300	0.498774233110988	70	0.114305399831512	0.619656268706769	3112	0.234814724593475	2	1	1	-6.7771698629791
chr9	126215419	129910010	0.00281461850527653	326	0.0244787874190363	0.302289351368787	10888	0.115265167717854	1	1	0	-6.86390913688739
chr9	130038092	138130794	0.496627003622244	910	0.105991596866762	0.580287258332736	30809	0.187069193536696	2	1	1	-6.75912216459365
chr9	138141594	138177101	0.497892750640817	15	0.185005482544244	0.529931052397722	94	0.212997474268689	2	1	1	-6.73821726789034
chr10	48005	4846030	0.0038486020096779	207	0.0198252543750659	0.877857750611852	5201	0.318242099032321	3	3	0	-6.75629088815303
chr10	4847333	5003374	0.0221732562685375	9	0.147105498801975	0.888139118440447	320	0.292992063334685	3	3	0	-6.74667753481805
chr10	5048598	33221913	5.99335532465162e-05	1457	0.0354163798090909	0.885513175107706	44695	0.328843783185615	3	3	0	-6.73505393227437
chr10	33567054	39475690	0.267955530365311	277	0.13355107753313	1.21026929475039	8210	0.541446944237758	4	3	1	-6.75355679771647
chr10	41860304	42391659	0.080995643771284	47	0.131503382791001	1.29232555558727	341	0.584946343704222	4	4	0	-6.96063566926932
chr10	42402827	42812472	0.39454181564399	62	0.0889062037310784	1.56806517949736	1479	0.515645533667842	5	3	2	-6.73909818345841
chr10	42884665	44439733	0.00513175276619082	50	0.0313781998937388	0.586573735600439	1867	0.214207055816936	2	2	0	-6.74919529533241
chr10	44632864	45814089	0.423870881053954	66	0.0939636888652996	1.47361559665716	2818	0.491357811730729	5	3	2	-6.77151754352098
chr10	45826456	46394354	0.00771383899790123	39	0.102021034585892	0.583495521199981	1124	0.227952732794054	2	2	0	-6.73688470675253
chr10	46462402	46584599	0.498845247466646	28	0.125104316260831	0.562728471093088	188	0.204960983482847	2	1	1	-6.73650516283884
chr10	46621789	51082030	0.00168712554611478	219	0.0539637855531793	0.587777730243427	6131	0.214693869130696	2	2	0	-6.73364929296556
chr10	51557335	53298270	0.498989085934895	42	0.0919185242414303	1.12419497685478	1129	0.474321720730625	4	2	2	-6.7426691229365
chr10	53304142	54527929	0.0126937401832524	20	0.0413183723631128	0.606437324850991	751	0.226137812366662	2	2	0	-6.80245610126605
chr10	54911727	62479987	0.356541986585803	137	0.102564107234177	0.909448017666509	5558	0.324266994053062	3	2	1	-6.80290268473671
chr10	62516166	70600500	-7.41967590200954e-05	265	0.0113866188406423	0.609273784954264	10607	0.22518233575092	2	2	0	-6.84906032719003
chr10	70624794	71362326	0.313705168946415	51	0.0898922666742982	0.855898531953811	1562	0.295014886020742	3	2	1	-6.76620148019319
chr10	71384083	107006539	0.00194431799866995	1306	0.0209301413020634	0.597077525671833	58373	0.210246246915184	2	2	0	-6.8442639282105
chr10	107137622	108612318	0.397142329993362	19	0.103652873229134	0.821002369521507	420	0.348928788946475	3	2	1	-6.98968983946402
chr10	109364805	124767239	0.00344969379446636	467	0.0669727010500673	0.61357668778094	20079	0.222864462525776	2	2	0	-7.04892381410008
chr10	124770080	126869033	0.382858362916133	138	0.12644879449952	1.47703522506395	5410	0.529425372053501	5	3	2	-6.74412258207744
chr10	126912448	133231126	0.000814385405855211	225	0.026513236436716	0.578309055058577	6762	0.190353232028141	2	2	0	-6.76366918332039
chr10	133238039	133568135	0.396395726152137	61	0.0959788455745025	1.47323647668485	2969	0.431881055695046	5	3	2	-6.73387925517703
chr10	133622304	133660221	0.0362598525058047	13	0.122108925732682	1.11707862111133	86	0.527037573322406	4	4	0	-6.78569464228169
chr11	187629	440765	0.194133179992392	71	0.0997431833043951	1.4095958642313	3326	0.398586485313597	5	4	1	-6.73681790720644
chr11	440857	700843	0.107031244209508	165	0.0643505820731713	2.54689882075244	5328	0.945544594593414	9	8	1	-6.73569982082471
chr11	701283	1262997	0.21251989460596	247	0.0951563289256016	1.36405698440124	9700	0.412372462911406	5	4	1	-6.75457855485145
chr11	1277074	50422372	0.330563117417926	2331	0.105089861789661	0.885276553979396	84888	0.294079458044038	3	2	1	-6.73722588207585
chr11	54683428	56700450	0.334516475487469	76	0.0777104702918626	0.890931543999764	3269	0.247404182828716	3	2	1	-6.73502773442698
chr11	56700545	56701244	0.132813808018736	26	0.112164172258621	0.558397064960414	59	0.100860960595747	7	6	1	-6.80721685583234
chr11	56722875	66715703	0.333298836722675	865	0.100964777646455	0.887455313778695	51635	0.279796458340022	3	2	1	-6.73559480878263
chr11	66748578	68123622	0.241559392662656	354	0.101310446160188	2.37748894946893	16782	1.02715758655097	8	6	2	-6.73727619353168
chr11	68132678	68793536	0.313786504020799	31	0.0866428461888166	0.867202442734732	2323	0.295806145435627	3	2	1	-6.76476870722987
chr11	68797749	69895925	0.189452833670959	207	0.0933329554355251	2.83274601539613	6918	1.41528190466449	10	8	2	-6.74114570637043
chr11	69898880	70782150	0.128982813604425	237	0.0774344806823232	4.13884618346574	8598	2.17675660819506	15	13	2	-6.73537879669986
chr11	70910913	73411295	0.34441527732762	264	0.116206827386304	0.869873037619998	8469	0.28768196542637	3	2	1	-6.74214586451118
chr11	73440290	75821527	0.156431256920582	593	0.0848244353745267	3.75353722521422	22623	2.11723708066612	13	11	2	-6.73369546754323
chr11	75822904	80660723	0.249906391567479	527	0.107819591948331	2.33901090802981	19135	1.05159181240841	8	6	2	-6.73312202890826
chr11	80663642	96685577	0.337979286182779	458	0.113514229953339	0.895626396082738	16572	0.347665317681059	3	2	1	-6.75176637916242
chr11	96883554	101139772	0.273953494847479	110	0.103722364708794	1.55892628798167	3105	0.796760565642561	6	4	2	-6.98468841694925
chr11	101226147	103943773	0.217268204509945	195	0.100093665359485	2.74992358374123	10667	1.24743761817295	9	7	2	-6.73602354779067
chr11	104037009	122452604	0.00248049581058901	741	0.0181527328289311	0.659160229622678	29566	0.538038060893724	2	2	0	-7.2022418177942
chr11	122495299	124397016	0.221359334757586	372	0.105704707852352	2.65458705848155	11061	1.35018563038438	9	7	2	-6.73307483412089
chr11	124417550	125005228	0.0020065670542595	54	0.00584845300192481	0.56459005888439	1951	0.171576832147003	2	2	0	-6.82291097332098
chr11	125038456	125466237	0.152876706231938	55	0.113130082154198	3.1429948739217	2225	1.49964280451624	13	11	2	-6.73745387468506
chr11	125481576	125756001	0.00113271768660617	16	0.125	0.745454074828626	831	0.407283180588117	3	3	0	-6.76115535012186
chr11	125833020	126937628	0.156337542719819	176	0.0901892568183957	3.73125477747679	7887	2.44166615488304	13	11	2	-6.73355376339256
chr11	126995139	127647829	0.247095579938377	29	0.10279072670984	2.42841065124658	710	1.08789279939734	8	6	2	-6.73383897132371
chr11	127941545	129585427	0.000259844462698888	39	0	0.573722350913518	1386	0.197977116626802	1	1	0	-Inf
chr11	129597397	130321034	0.207028811993028	149	0.0932264703221594	2.75118125046456	5430	1.2001921001771	10	8	2	-6.73778140034426
chr11	130356796	134986843	-0.00127426668745967	99	0.0454684973434351	0.569887111627779	3669	0.224008192713159	2	2	0	-6.78850783840821
chr12	12881	34672954	0.24242587843873	2295	0.107834809109736	1.1909946807593	82639	0.420331919043161	4	3	1	-6.7537210900314
chr12	37540792	46784524	0.336720341504959	323	0.10545297302329	0.938233548865073	11340	0.331497254544829	3	2	1	-6.91830050183973
chr12	46978911	55967092	0.498914967559898	1017	0.0857697997725528	1.20213098539377	51112	0.399438433744669	4	2	2	-6.7488533374898
chr12	55978237	80206762	0.338152277058501	850	0.105926910872037	0.931596514668058	41945	0.326209819916276	3	2	1	-7.11261875030226
chr12	80208221	92737573	0.498865014690623	293	0.0853523835886435	1.14066860550059	10900	0.430236034474334	4	2	2	-6.77162044373479
chr12	92743722	124335467	0.362674397451248	2671	0.101161057434702	1.42414950052491	121256	0.53403095203039	5	3	2	-6.88119300122201
chr12	124336937	133262441	0.498863496202696	565	0.100962252824133	1.10197038536999	19750	0.390021475620023	4	2	2	-6.88001252486203
chr13	18177561	18279429	0.181531673934509	18	0.16307506591807	0.515988971821076	150	0.293872983032805	4	3	1	-7.28286389349523
chr13	18279478	113356546	0.49887505140685	2262	0.107740080636181	0.608760020561251	76449	0.219314996696112	2	1	1	-7.87997254413076
chr13	113357078	113392925	0.497940322687758	14	0.209582683203792	0.491842922237271	79	0.273128711575074	2	1	1	-6.74230578877563
chr13	113397591	114324544	0.499029781308556	78	0.108480422187609	0.579773570042475	2097	0.19689087982884	2	1	1	-6.73607893850709
chr14	16098225	16401976	0.498563111142577	2	0.232638131010374	1.15411646082159	11	0.299253677732394	4	2	2	-6.73379973768342
chr14	18330620	106867797	0.329294366482985	4491	0.108445958153822	0.872978811006277	164135	0.303189835093797	3	2	1	-6.79880418319347
chr15	19858909	22427648	0.498709363496439	426	0.12034609108912	1.12892809025517	5266	0.423063941028783	4	2	2	-6.74769982511634
chr15	22601191	25905527	0.498838934390738	296	0.100008278115907	1.14891619779928	8449	0.417504667104558	4	2	2	-6.73948034658241
chr15	25911723	101819000	0.329484495295935	4284	0.106185802071094	0.895617949947723	164862	0.317575812146181	3	2	1	-6.833011643982
chr16	35658	367629	0.00421180552634937	61	0.00429893874310159	0.58701023842784	2041	0.195947453988849	2	2	0	-7.2598859361429
chr16	367757	375277	0.497881186169813	9	0.204450958531489	0.551032966422579	153	0.150850678634808	2	1	1	-6.7339397785779
chr16	375298	488565	0.000385487675081841	23	0	0.609126338177844	570	0.210088983354277	1	1	0	-Inf
chr16	489140	520623	0.0474968363986632	9	0.130419941385936	0.595548615929124	198	0.210771011391969	2	2	0	-6.81163566166544
chr16	551439	2327147	0.00201293807243297	432	0.0380266760926455	0.576711329256932	13655	0.16773494720938	2	2	0	-6.74946431905663
chr16	2449776	2697856	0.0224020145261727	10	0.19903681959767	0.572571875658248	934	0.190821018351808	2	2	0	-6.74359201900013
chr16	2699194	5905437	0.00240886109811383	410	0.0178542647263571	0.589541653666864	12688	0.189943603516169	2	2	0	-6.74419931357594
chr16	5934780	25058017	0.49888372879409	1620	0.0987737752708006	1.19545348511926	54998	0.455004371136094	4	2	2	-6.74731225739225
chr16	25059983	32066546	0.328649230743968	490	0.10823827917263	0.87819360292018	28680	0.291718039160448	3	2	1	-6.73524548837875
chr16	32392021	34268483	0.128645828775833	46	0.13043068012872	1.45113397761615	1927	0.682182173125411	6	5	1	-6.87476226234569
chr16	34573087	36104247	0.391134317470159	54	0.167408395636001	0.489151919220765	909	0.283923261378788	2	1	1	-7.34117554776015
chr16	46386441	46401545	0.319680032137526	49	0.120919085218455	0.354024399330013	546	0.10140309422746	3	2	1	-7.39806119249493
chr16	46671590	74381754	0.00426410135677641	1231	0.0458800569304623	0.607404587527072	50436	0.210262620837561	2	2	0	-7.10244744150101
chr16	74391376	74414018	0.498181220232194	14	0.19794121671528	0.63346533975564	107	0.20311819740247	2	1	1	-6.73488789362208
chr16	74439258	81420119	0.00250792775195763	301	0.0238701558663799	0.601088701954025	8971	0.222879297772334	2	2	0	-6.77886570959991
chr16	81476092	90075679	0.498901788404889	1118	0.0968032617531221	1.16592495616937	30409	0.420497243555043	4	2	2	-6.73546015371681
chr16	90092070	90173740	0.498007499892839	15	0.213644185727668	0.96748193918954	105	0.418461364906504	4	2	2	-6.74376428405335
chr17	132094	281965	0.0854752237155197	9	0.102546466432431	0.573852926092866	195	0.353962774424138	2	2	0	-7.12379791762112
chr17	315624	863790	0.00660648388758678	61	0.024288217026756	0.582451446066764	1468	0.218887039583219	2	2	0	-6.77776323759112
chr17	864122	868735	0.498033311580569	9	0.186551229186814	0.349329290640311	26	0.210382161425711	2	1	1	-6.75002869283527
chr17	885940	14536210	0.00163616032719133	1277	0.0307676980530806	0.588939057483759	46486	0.200903086809455	2	2	0	-6.73502702778832
chr17	14770093	21290809	0.314472468322062	586	0.107692563957448	0.888354246352657	22877	0.305185151838808	3	2	1	-6.75331936231437
chr17	21290834	25074459	0.351426343184084	304	0.149736004696836	0.756192531168585	1915	0.338599636585688	3	2	1	-7.1795024940415
chr17	25389878	27008583	0.326266302219253	16	0.137472527558539	0.523424092032141	125	0.301368759859669	2	1	1	-7.70685346811418
chr17	27047846	56228189	0.498895703093519	1905	0.103313695249175	0.597886951467334	82647	0.201762168819825	2	1	1	-6.84520722645959
chr17	56274245	57080179	0.109019979484468	69	0.0913724869561348	2.3023638917372	3421	1.01444822728742	9	8	1	-6.74247286495351
chr17	57083960	83194874	0.2478285696635	2937	0.102283532123136	1.17934183800214	114453	0.419788282662632	4	3	1	-6.7338380697446
chr18	47858	110425	0.138576584936039	26	0.149303722453466	1.11394452378269	242	0.839005348398201	7	6	1	-6.75357412759274
chr18	116749	15371619	0.49888029067756	1069	0.0973351162211478	1.19011987730624	29450	0.442654208819719	4	2	2	-6.7393422646619
chr18	20979714	80186948	0.498891874567334	2197	0.0955210777110893	1.23618698278325	79886	0.481240517112929	4	2	2	-7.08768674679153
chr19	282753	4510548	0.00428532411292476	1052	0.0356305302432673	0.577368031337837	25545	0.201735808328426	2	2	0	-6.7632399320443
chr19	4511128	4511915	0.434578940127864	9	0.146947647518125	0.494420424803764	46	0.0701562128602917	2	1	1	-6.85254871134364
chr19	4511917	4664806	0.0105104640515082	32	0.0261319349492828	0.585564453435839	851	0.200063408487153	2	2	0	-6.82860219151611
chr19	4665587	4739386	0.0176433069440682	10	0.224688154264231	0.582718367450285	444	0.177621488732395	2	2	0	-6.73685103848914
chr19	4739898	9713576	0.00374868253469102	891	0.018229672581627	0.581971005892309	24843	0.20035002811123	2	2	0	-6.7667691382048
chr19	9751958	21340189	0.334034518813626	2036	0.106228509108798	0.881679362414734	77806	0.287096484423605	3	2	1	-6.73310221946872
chr19	21345258	24394204	0.00416326802448475	274	0.0596568197113387	0.606014156982705	6135	0.191373633850096	2	2	0	-6.77997963381206
chr19	27392167	58571468	0.324370569355112	4632	0.107705037177587	0.873429536499563	166287	0.282230279523667	3	2	1	-6.76124420641069
chr20	96321	11473081	0.00394956437842553	589	0.0275736735629025	0.586482843516547	17532	0.208244272035807	2	2	0	-6.74669456200543
chr20	11527273	17773154	0.361931368542987	257	0.101056190456699	1.70717710404644	9395	0.73088095719755	6	4	2	-6.78838524275668
chr20	17787514	25773537	0.499064223962634	328	0.0780537153339747	1.1690253450331	14193	0.449939940734186	4	2	2	-6.73406304291596
chr20	25773570	26168423	0.490970026807629	38	0.187634310359	1.10679204383133	361	0.462040943368359	4	2	2	-6.73854973970842
chr20	28559767	30921131	0.498616964896687	552	0.171795067031679	0.947309668446689	2668	0.454891386479364	4	2	2	-7.03830612011979
chr20	31058911	31074237	0.435112854215257	27	0.193453771799264	0.251348339758395	90	0.125682603624895	2	1	1	-7.193622670295
chr20	31248651	64328010	0.498908885470218	2588	0.0916276659090904	1.16823187745385	108614	0.428579043913977	4	2	2	-6.73841263396266
chr21	5128482	10739816	0.495940006956184	696	0.161301659180181	0.582077315606109	3913	0.275846281233671	2	1	1	-6.73828534218585
chr21	13010790	44600627	0.335860235880353	1418	0.116679315435459	0.887088658189891	43069	0.323797357787695	3	2	1	-6.73852980142061
chr21	44600952	44601844	-0.000862595890242068	10	0	0.300810745960894	42	0.0477058106210878	1	1	0	-Inf
chr21	44612177	46658699	0.32497790188613	310	0.101229010408493	0.856210445415246	7996	0.267754059347165	3	2	1	-6.75254478159078
chr22	10633680	10754450	0.33684858276072	85	0.129614448739825	0.634096570612745	343	0.282500469077609	3	2	1	-6.83096840338709
chr22	10755517	10783830	0.498518617418058	155	0.158692231373443	0.37842758971019	387	0.17081842890888	2	1	1	-6.84426281602022
chr22	10936228	12801199	0.423514754559964	423	0.15755411285448	0.83323252893539	2223	0.459609799574557	3	2	1	-6.94074763677126
chr22	15553080	16554182	0.219153488686425	114	0.125221014670611	1.93060928116781	1577	1.40878839879291	9	7	2	-6.76338269371974
chr22	16571981	17331934	0.174980662386188	205	0.0937699335097134	3.24975388943195	6559	1.80499712526322	11	9	2	-6.73622106388387
chr22	17335130	18793640	0.226226276785862	314	0.114908909478172	2.43915181241681	8438	1.42061311194714	9	7	2	-6.73665653803005
chr22	18933784	20878982	0.183708548656307	724	0.100323775991491	4.1619836106048	30450	2.20312493512444	16	13	3	-6.73751035536418
chr22	20887566	21129343	0.0158517176495607	60	0.0264533274102417	0.601067738643229	1424	0.284273998110487	2	2	0	-6.94193096791898
chr22	21129377	21492060	0.498424268590956	12	0.159843957999954	1.09398993002683	406	4.8655229030783	4	2	2	-6.73313656680518
chr22	21555351	23971817	0.00680904021805517	311	0.0428237996154571	0.590826880686711	7321	0.215634635141837	2	2	0	-6.74876902443442
chr22	23998589	24003916	0.310425623549974	14	0.116266178125129	0.546942245994448	60	0.180902691793973	3	2	1	-6.77848538211623
chr22	24053356	25460000	0.00284463366252757	118	0.0646467731063947	0.590321047439878	4029	0.229793049821613	2	2	0	-6.73439401516757
chr22	25514229	31146455	0.00580217583152531	249	0.0309586013582129	0.298352031924649	9493	0.117620553465392	1	1	0	-6.80368451447683
chr22	31169108	31248628	0.0845190214651476	27	0.144227157409667	4.18734177474041	976	2.27733473508398	12	11	1	-6.7333391362343
chr22	31259013	35502300	0.00384620752945342	178	0.0215532126682305	0.405224909036462	5786	1.13214415765586	1	1	0	-6.94945469653892
chr22	35524822	36028184	0.066353955659717	68	0.0551590803402844	4.08570736239771	3635	2.20029604363017	15	14	1	-6.73341653095895
chr22	36030150	37325942	0.108708270832287	375	0.0678809826644152	2.72511635961204	13012	1.56312927653369	9	8	1	-6.73405058521982
chr22	37326613	37883433	0.0652083381545707	257	0.0498962792147341	4.23042038846854	12438	2.16737744659042	15	14	1	-6.73366737952465
chr22	37889293	38946404	0.151401249206367	159	0.0963634128298639	2.18047568445696	10265	1.04271694019221	7	6	1	-6.73966644081856
chr22	38985821	39679283	0.314406872528352	90	0.113445023175967	1.00194697760624	3622	0.409485023250264	3	2	1	-6.78952278276071
chr22	39907597	41249520	0.0763927593795741	190	0.058006840453554	3.19988744114437	15448	1.73100966103023	13	12	1	-6.74158496977211
chr22	41309246	43142799	0.498776306145098	172	0.119112430416944	0.602617861330512	6946	0.208327784578394	2	1	1	-6.74787538914725
chr22	43146361	44196294	0.00225323202548472	73	0.0202620954349624	0.29771861969916	1802	0.115632901007287	1	1	0	-6.74743475076705
chr22	44205619	46698793	0.166614075119171	583	0.0865771927845736	1.74066460680881	13501	0.785199646974989	6	5	1	-6.73348494641177
chr22	46699512	47746955	0.207326198876669	95	0.116083679321011	2.31804839914419	2492	1.42006074404963	9	7	2	-6.74837634774303
chr22	47769473	48788783	0.16864906241837	121	0.101696855473624	3.16458148807443	2523	2.17029676379227	12	10	2	-6.73480246750584
chr22	48836183	49343436	0.375192657086988	37	0.117340000322463	1.6663417635216	476	0.667475101673001	5	3	2	-6.77038156525348
chr22	49389048	50808032	0.00146373274303091	290	0.0324484954385008	0.578826414624918	7435	0.182997480386588	2	2	0	-6.74083487833792
chrX	256771	58042596	0.498894618429971	2445	0.0983590134445744	1.16057226227742	108111	0.435043173709077	4	2	2	-6.76671678431892
chrX	62888861	155887666	0.0069235498687632	1538	0.047137848995011	0.558584836621476	81123	0.197052480544852	2	2	0	-9.21879519940091
chrX	155985262	156005413	0.142511592032132	12	0.140737317099064	0.465833804180684	74	0.128620738356734	2	2	0	-7.33216365000708
chrY	11114551	11314844	0.104406319523686	16	0.124321357778943	0.0982489595353922	49	0.0929651340904889	1	1	0	-12.7774897627656
chrY	56831877	56836693	0.00802470308235337	30	0.194015478112254	0.113148961158849	57	0.0927881341800315	1	1	0	-7.02567123453231
chrY	56836729	56885736	0.483924923473323	113	0.154610768985281	0.518187478621334	334	0.188602619700095	2	1	1	-6.75276344694983
