chromosome	start.pos	end.pos	Bf	N.BAF	sd.BAF	depth.ratio	N.ratio	sd.ratio	CNt	A	B	LPP
chr1	133160	121564715	0.332572170385225	4843	0.108191199148458	0.800203205123695	257355	0.261478156661028	3	2	1	-6.91756770553187
chr1	125067377	240930672	0.326464994023473	3990	0.109501919870583	0.793065025742287	195324	0.256290714523773	3	2	1	-6.75583550041979
chr1	240983022	242100800	-0.000881132546100449	48	0	0.272374362405024	1090	0.112002419603859	1	1	0	-Inf
chr1	242183643	248945592	0.352824539948798	310	0.131982826849369	0.756497692454975	11933	0.262736928081013	3	2	1	-6.85187764108608
chr2	119437	24395868	0.333869895827989	736	0.107063998999158	0.779519798284119	25407	0.264359338427048	3	2	1	-6.76712841042702
chr2	24421096	25137327	0.00245040535008989	19	0	0.277487794361987	978	0.111299842059929	1	1	0	-Inf
chr2	25139325	91977635	0.333424629784832	2676	0.111666310554698	0.811544237845044	104604	0.293087469428024	3	2	1	-7.06535515367897
chr2	94199373	242101738	0.333282960190857	3934	0.107211689540896	0.783913853502638	217196	0.254035100547276	3	2	1	-6.80354524575723
chr3	27782	75664707	0.402287072497655	3873	0.0961196369123198	1.31590175637258	197395	0.458884417291831	5	3	2	-6.73336994880616
chr3	75664988	75930017	0.299453650393521	91	0.152368008493286	1.11173151552096	701	0.542830735577181	4	3	1	-6.79718125760958
chr3	75991380	90613961	0.40140769853126	243	0.0966065846306234	1.27049861671458	8922	0.531215030743071	5	3	2	-6.7713556130414
chr3	91404517	130035239	0.398593315415105	1791	0.0918984032398496	1.30777218802095	75480	0.457447810952722	5	3	2	-6.73749071458375
chr3	130083158	130107999	0.0576181587700721	27	0.148181627983346	1.23433809123876	99	0.342413457506071	5	5	0	-6.82292192611297
chr3	130121457	195762196	0.396748226228453	2851	0.099107852088383	1.31269985629729	121241	0.488007341780442	5	3	2	-6.73469808398491
chr3	195762706	195788543	0.311759596461823	81	0.119330295585172	1.09934899939061	511	0.370361993316534	3	2	1	-6.76493146413862
chr3	195791459	198114811	0.417517578227097	338	0.10397555883444	1.34942235330269	11773	0.526349619498548	5	3	2	-6.75318177999003
chr4	14018	13227005	0.416032759912222	1099	0.104849866712396	0.888763787386265	30780	0.280385669765456	3	2	1	-8.24196180480855
chr4	13336501	13368684	0.000679443956714598	11	0	0.548245611022731	89	0.1506899666095	1	1	0	-Inf
chr4	13410068	49061855	0.454419056016688	1053	0.100975381354371	0.891803736831881	38147	0.318291079491591	3	2	1	-9.63487164359652
chr4	49107430	49627355	0.495376620895019	89	0.172533758595105	0.739100580568921	400	0.363915907956646	2	1	1	-6.99321777024463
chr4	51995997	190179679	0.440381134990971	3626	0.100323198570828	0.886941361153768	149570	0.313446600321871	3	2	1	-12.0562975481845
chr5	44922	1309789	0.336414593786022	268	0.113475121035759	1.59298146712114	8022	0.480779170630149	6	4	2	-6.73372133054323
chr5	1320607	21293742	0.000830443059929575	340	0.0349714248389504	0.515160004028758	12262	0.188835454899673	2	2	0	-6.88565011822668
chr5	21479412	21786465	0.498674762310736	14	0.115387379087781	1.0542293805995	586	0.752272969552896	4	2	2	-6.73310948817166
chr5	21813194	30365610	0.0129974165452373	69	0.0630795381482167	0.482257200324593	1918	0.688040416877797	2	2	0	-6.84036923371381
chr5	30429455	36923233	0.148555880340842	567	0.108115032385505	3.02379410934886	29014	1.58517103620883	12	10	2	-6.7527558188588
chr5	36955957	40539955	0.28162261440976	127	0.108526617111528	1.80717083558058	10539	0.89676243605697	7	5	2	-6.73487653498986
chr5	40540017	40806733	0.0987019050754281	30	0.0656497235858351	4.42540006133841	1892	2.19872249722684	20	18	2	-6.73426066353433
chr5	40808844	46206800	0.439098472285426	118	0.116027858416531	1.23541690659761	7100	0.907639173794422	5	3	2	-6.81604341767699
chr5	49599598	49661122	0.0193175142810024	11	0.150755672288882	0.0293441337654985	26	0.01935247946746	1	1	0	-21.9518931139492
chr5	50190403	181286981	0.49891544984217	4210	0.0923947347981993	1.0486190792162	216314	0.364004337504289	4	2	2	-6.74238419330794
chr6	173701	10895820	0.255204459909496	805	0.110512045496725	2.10936074069199	32942	0.988989239928601	8	6	2	-6.73438165204697
chr6	10906023	26531656	0.337111466624039	881	0.105808217986109	1.58754773670355	40854	0.676945972805155	6	4	2	-6.73436845009055
chr6	26540616	29830682	0.280143700924282	440	0.0931998717289238	1.76237129178159	15274	0.611021929443862	7	5	2	-6.74557062551446
chr6	29830840	29995019	0.289419893077967	114	0.117093659143628	1.50648741803225	926	0.595281962495466	7	5	2	-6.7448699596611
chr6	29995088	32473373	0.307993887341503	749	0.0997297317137879	1.69518768045875	32151	0.515610761095055	6	4	2	-6.79950038232793
chr6	32473401	32642282	0.0975536573167996	84	0.0946841497294177	1.72860600576432	623	0.63543644667498	9	8	1	-6.77011061957028
chr6	32660818	32666699	0.27980159117613	27	0.129008149215864	0.564822531224094	54	0.401426870233363	7	5	2	-6.76474282784151
chr6	32668032	33781375	0.33156769831281	397	0.101032051394604	1.55790273165279	12064	0.542391257113372	6	4	2	-6.73363006989499
chr6	33784236	35560296	0.304683877934509	90	0.11924049911508	1.88280893062801	11741	0.838278963514892	7	5	2	-6.7488918967779
chr6	35693409	51446028	0.32937770949495	952	0.106331157972972	1.61990391510797	60339	0.567405810025374	6	4	2	-6.75284823551345
chr6	51584285	51836303	-0.00298151111405176	15	0	1.01387158785802	446	0.24054222385089	1	1	0	-Inf
chr6	51911737	58419230	0.316799222274609	281	0.10010455350246	1.56635248832922	16616	0.544206739050585	6	4	2	-6.75022801145789
chr6	60254411	64758769	0.320920577818077	158	0.113572134996299	1.7659625495571	4675	0.821574222320913	6	4	2	-6.78982338191162
chr6	64886866	170594646	0.000937026014447062	2135	0.0389647243650845	0.522185439878789	92801	0.183184331548925	2	2	0	-6.85238946737296
chr7	31439	4132182	0.00248682103117659	336	0.0542424745614813	0.548800510770041	8763	0.41170654062726	2	2	0	-6.75942347653309
chr7	4145960	4738036	0.267662897844341	130	0.115681193721361	1.98393156564432	2758	0.953472548571126	8	6	2	-6.74836790612383
chr7	4796184	5864210	0.394469090928812	121	0.0932936394833221	1.47745296308784	7218	0.668158808974171	5	3	2	-6.7543070102185
chr7	5909801	6294517	0.498469585534171	26	0.18227857378622	2.56637605536837	4540	1.18242187964445	10	5	5	-6.73317707155016
chr7	6304944	6662037	0.384572244298288	69	0.110818146309967	1.40798793528949	3089	0.586680715706052	5	3	2	-6.74747837625225
chr7	6674354	10029100	0.158383845369389	261	0.102825697131451	2.97700458285092	10019	1.52474011747492	12	10	2	-6.73994538323468
chr7	10325066	13455437	0.313632942012035	99	0.107641211371331	1.48984466235436	4074	0.551271360523619	6	4	2	-6.7739380968433
chr7	13622653	32224099	0.00243011374681495	415	0.0344694939058795	0.521454328426825	17043	0.20213591048117	2	2	0	-6.76012946689222
chr7	32399946	34161219	0.351567002954793	79	0.111902055866316	1.59735568590831	4405	0.589148455254888	6	4	2	-6.74931734603279
chr7	34440733	51494210	0.00119020082875138	515	0.0276146673672213	0.524394095624556	19064	0.180256239023046	2	2	0	-6.73867312321457
chr7	51512738	53085810	0.345622031232747	22	0.0900537117262303	0.759013398007336	488	0.295412335908052	3	2	1	-6.76099469284185
chr7	53175268	58091518	0.00780922244758431	239	0.118128375972087	0.526008497665471	5077	0.218334303473903	2	2	0	-6.73568280456109
chr7	60981598	77794257	0.332271136389634	1079	0.13429280514255	0.803057762727743	32064	0.311898694751854	3	2	1	-6.76262274221092
chr7	77871417	79544453	0.00245040535008989	19	0	0.522410683747424	543	0.185619342531908	1	1	0	-Inf
chr7	79704365	100952788	0.32809955097569	845	0.107997668217119	0.791772620196307	36909	0.256239475127554	3	2	1	-6.7359300158132
chr7	100954269	100960659	0.148972820626436	65	0.109701237634138	0.613257680260826	413	0.199008472062865	6	5	1	-6.83398125273079
chr7	100960708	128731361	0.353657112240796	836	0.111642927419077	0.791164158893221	37719	0.259191614501185	3	2	1	-6.75384283607663
chr7	128807000	128917352	0.0018420022175385	37	0.00213718683496964	0.521137601109249	1316	0.139102239933047	2	2	0	-7.14892135765354
chr7	128942604	159260906	0.338748809904007	1555	0.119524046669401	0.773545782656105	57876	0.256709759838375	3	2	1	-6.8482713770691
chr8	311290	3586048	0.330120530129359	230	0.101240969144421	1.51116782794377	6246	0.595311061834228	6	4	2	-6.74435402299093
chr8	3605236	5933242	0.248053186408513	75	0.106634505849832	1.25959439444064	1323	0.553601707404127	5	4	1	-6.86118740775536
chr8	5982571	42829521	0.326424741618471	2583	0.105026922152999	1.5656421393878	100401	0.618450523499207	6	4	2	-6.73989500218985
chr8	47880777	145008961	0.333569018608658	3805	0.104339074600588	1.55317719424031	189846	0.599156587493286	6	4	2	-6.77739172056275
chr9	111919	35176256	0.339440571290847	1081	0.114814217512983	0.78244212543289	38365	0.261046650354551	3	2	1	-6.76008688595589
chr9	35219056	35753901	0.00142137475039883	43	0	0.53061551920202	2711	0.134661011461583	1	1	0	-Inf
chr9	35792426	42405487	0.34941927372068	350	0.13375660215686	0.788032150225161	9141	0.283137428580666	3	2	1	-6.7418858932354
chr9	60521862	66782488	0.263840571704999	129	0.156198075093103	0.736526641675103	1591	0.303062852185739	3	2	1	-7.0411219066338
chr9	66793091	138214444	0.339166962263397	2880	0.10632110190674	0.791519128096709	145233	0.260538605346889	3	2	1	-6.73862754561567
chr10	139936	4933905	-0.00011366738067442	155	0	0.509967187087224	3862	0.181927120596446	1	1	0	-Inf
chr10	4943356	4999466	0.00246249061644332	11	0.0862322445492404	0.511518844940305	191	0.169761699803898	2	2	0	-6.73447787994937
chr10	5000592	6720009	0.00101243115950878	116	0	0.523891699670696	3311	0.174105136104016	1	1	0	-Inf
chr10	6797328	7348338	-0.00319841251747544	9	0	0.529631502471818	350	0.185830944634167	1	1	0	-Inf
chr10	7370103	38527866	-0.000362161312688458	1131	0.0373911490311268	0.530676315934884	33625	0.195493796251409	2	2	0	-6.76512685409452
chr10	38646502	39199720	0.24071444456007	17	0.150239612541003	0.531864570871415	148	0.250038651544199	3	2	1	-7.6846620901946
chr10	41860304	42283185	0.498283598110795	17	0.173801166820696	0.476561929799798	79	0.251623915024266	2	1	1	-6.77245519564637
chr10	42337130	46375484	0.000731192546493231	193	0.0862575930301446	0.513328290321174	5487	0.174983107921697	2	2	0	-6.78260322505088
chr10	46384806	46559872	0.498734799930415	31	0.185784023063897	0.456842552073844	161	0.170251819565071	2	1	1	-6.80495041384074
chr10	46559923	133641804	-0.000559008130472022	2641	0.0423107139712613	0.53132065275966	110319	0.179536221294465	2	2	0	-6.87097435385774
chr11	192997	5351776	0.498895887949687	879	0.0883624854391398	1.02244023229158	28236	0.274607791948783	4	2	2	-6.76800624670047
chr11	5351865	5352104	0.312193268100601	9	0.147017005819055	0.822781990142495	20	0.0558417877861902	3	2	1	-6.74548807277338
chr11	5352332	50553108	0.498914296666225	1941	0.0901789331829486	1.03559936565441	86464	0.344114729667522	4	2	2	-6.79445246793665
chr11	54591798	56700571	0.317098374764868	124	0.101658552276646	0.74510189240652	3550	0.192519338418547	3	2	1	-6.86091787006828
chr11	56700635	56701244	0.120775201300097	18	0.087796035165887	0.500992646183364	49	0.0579039052646535	7	6	1	-6.95008371286363
chr11	56740404	135055593	0.324782844640167	2706	0.102777542593281	0.786369016192367	165729	0.247821355149644	3	2	1	-6.74986544732691
chr12	13488	34523014	0.334716614795129	2045	0.108249323858704	0.775850157414226	64609	0.25526415127932	3	2	1	-6.82936285143499
chr12	37540858	50782921	0.346789274205801	654	0.104146576770242	0.785408517421324	27875	0.243519200781602	3	2	1	-6.74678782246209
chr12	50788339	52776814	0.498890055896026	318	0.0840923221803486	1.03263019156371	10754	0.318366999721875	4	2	2	-6.73752475746405
chr12	52790707	133234117	0.336604397581433	2957	0.108501831065004	0.786730253894697	157701	0.264887650710256	3	2	1	-6.74256078363223
chr13	18177586	114325855	0.330605392032946	2663	0.112834118752793	0.789321874034695	98108	0.280648577634032	3	2	1	-6.73345930543769
chr14	16098225	16401976	0.375328882274291	2	0.0883883476483184	0.39308465720495	13	0.102123981964609	2	1	1	-8.9477274204475
chr14	18330620	19680240	0.349409230337342	76	0.161297851868969	0.55143197288238	1049	0.279698099209101	2	1	1	-7.2374008547733
chr14	19733402	106335516	0.00083626394400349	3048	0.0291320236677325	0.530903049460727	122356	0.180606535906352	2	2	0	-6.84756600903692
chr14	106344582	106349515	0.000223222210228857	17	0	0.200115452995054	33	0.164913131402842	1	1	0	-Inf
chr14	106356283	106631573	0.01281140650215	48	0.175856425158433	0.474353982521155	937	0.138408475985506	2	2	0	-6.82819484582377
chr14	106638941	106874951	0.0143363371972943	81	0.132243554534992	0.446648444673237	717	0.173291210098789	2	2	0	-6.86468783197002
chr15	19859788	22774442	0.403904925917395	281	0.122556232800586	1.01771256144674	4005	0.376210079212092	4	2	2	-7.09507458121675
chr15	22774521	45689119	0.498910127868744	1604	0.0880336423981846	1.04152177532706	67366	0.340956830779711	4	2	2	-6.74674856029543
chr15	45690390	47070951	0.142010398213234	17	0.18128532110201	1.03545126559252	514	0.441907017953542	4	3	1	-6.93988870342387
chr15	47121750	93760960	0.498914274753758	2909	0.0911802859667631	1.04779703151011	122809	0.356858561937325	4	2	2	-6.73804632292009
chr15	93867067	101829176	0.340454415763968	341	0.119463150380254	0.765397506643501	8644	0.265395442820787	3	2	1	-6.80008461162597
chr16	11641	2500474	0.498904295369246	606	0.0754571163425398	1.06073371335101	25320	0.296990246925059	4	2	2	-6.7341164623578
chr16	2501103	4541207	0.00180820141405347	258	0.00433057716608068	0.536851319637576	8969	0.163019744226816	2	2	0	-6.85364583517795
chr16	4545268	5514782	0.498850671278219	189	0.0854694649465693	1.06685550462408	5361	0.452949438744716	4	2	2	-6.73363869195005
chr16	5524801	6142486	-0.00350069493198324	20	0	0.493635194401702	278	0.236991957364573	1	1	0	-Inf
chr16	6202846	31859586	0.498895086480088	1859	0.0968490512517177	1.06603815866258	83950	0.381052160243821	4	2	2	-6.74968029035313
chr16	32124780	34163313	0.0645075475338876	31	0.156289674532873	1.00904525216357	1545	0.304800250625433	4	4	0	-6.85714416561947
chr16	34266408	35826946	0.49858764116165	39	0.157485624732231	0.849605968979031	1160	0.420882764279368	4	2	2	-6.96673469632524
chr16	46386441	63346838	0.337001011061809	589	0.108702248869353	0.796288297066456	29731	0.271992525362569	3	2	1	-6.74353899789671
chr16	63356097	90023683	0.498908675383059	2564	0.0882037499503909	1.07395023439844	86116	0.358850715983997	4	2	2	-6.78199828114254
chr16	90027561	90167920	0.345147249450186	35	0.136881332400236	1.50389990531325	864	0.452645296211724	6	4	2	-6.73847580870946
chr17	138189	13397180	0.00116900598479047	1289	0.0318281001813243	0.533497764996469	45822	0.169065474046722	2	2	0	-6.78353243855928
chr17	13436111	13629866	0.329909776796595	15	0.148412552414834	1.86702039739363	419	0.667861400707923	6	4	2	-6.74064810489998
chr17	13632182	14844528	0.0534676490558729	34	0.0709653388820074	0.672196902857309	728	0.482400683422042	3	3	0	-7.13554274397704
chr17	15144682	15817600	0.258063553612274	109	0.098087582303993	2.1340600559546	3803	0.909231761925618	8	6	2	-6.73717019658308
chr17	15900065	21285176	0.00229973258214566	405	0.115309457891927	0.603578775491836	15849	0.594255468346377	2	2	0	-6.89988006115592
chr17	21290809	22429774	0.157532159425805	313	0.164486328343257	0.591841257275121	1496	1.1650452966705	5	4	1	-7.07816425032751
chr17	25389878	29845671	0.359104374355744	223	0.113154837503459	0.808959210049949	12997	0.249252442814631	3	2	1	-6.78918313440738
chr17	29926231	30288586	0.299899133963399	54	0.0981914959719117	1.7647289280818	2161	0.788210816730231	7	5	2	-6.74617348670867
chr17	30296334	30634042	0.332768393843951	18	0.106749416431645	0.796415269296132	1116	0.241487561045301	3	2	1	-6.7333045948413
chr17	30658659	31755537	0.0109869639959795	40	0.0589408166875457	0.372813038451317	2336	0.311979653285177	2	2	0	-7.46662383796156
chr17	31803084	46142465	0.498899298321125	1501	0.0910596058567545	1.06665538343807	73035	0.348311649772855	4	2	2	-6.74526039111758
chr17	46142522	46704913	0.381452423836464	212	0.131374251747352	1.07536003542088	1649	0.416852359757517	5	3	2	-6.82311058877989
chr17	46718103	82150244	0.498917746622995	3108	0.0907306053485659	1.07041392771221	133432	0.359886166741953	4	2	2	-6.77809549502832
chr17	82150316	82151415	0.233747173735211	16	0.130247904653651	0.533519988475317	37	0.207885186462987	4	3	1	-6.74939842778509
chr17	82151473	83093100	0.497368009010167	151	0.0741462602082516	1.07807769885132	5202	0.330258602762613	4	2	2	-6.73670611826162
chr17	83094142	83233421	0.498109527460238	12	0.158617010628136	0.70390011623593	96	0.227321311162794	2	1	1	-6.86666462457072
chr18	47948	110425	0.492490397815229	16	0.175914645496047	0.645674657390749	184	0.449377727667961	2	1	1	-6.74185771818076
chr18	116909	15379023	0.498900437217811	1057	0.0935509031595487	1.05608057824433	28353	0.386950373230953	4	2	2	-6.73371374097323
chr18	20946229	80257347	0.498897033638183	2009	0.0926539302472836	1.04128354818408	74730	0.372149957101546	4	2	2	-6.76390651628995
chr19	261438	872255	0.495094682778428	196	0.0914462585913774	1.06593670852957	4784	0.359975463503271	4	2	2	-6.73519225226989
chr19	878432	880066	0.333827055061592	9	0.169712256481375	0.464650623001484	40	0.207997898164923	3	2	1	-6.73939881922028
chr19	884782	21767600	0.498925030790935	3289	0.0903296410450109	1.06140782276591	163426	0.343823414560531	4	2	2	-6.74017591794782
chr19	21818912	24394098	0.349916113125064	220	0.0979556929813866	0.810122195451381	6205	0.271770130838392	3	2	1	-6.76394284895101
chr19	27392149	54574283	0.498916463650895	3331	0.0921329956500191	1.05196848520692	166071	0.338717584468685	4	2	2	-6.73319612590982
chr19	54574711	54634688	0.157336656214461	55	0.15128969023159	0.943484631308262	664	0.205311232545347	5	4	1	-6.8734331572927
chr19	54635114	58571468	0.49888734014045	825	0.0938156915947895	1.03008461370573	29499	0.313273531962475	4	2	2	-6.7445170610071
chr20	101498	25686171	0.498884618784242	1249	0.0938692514733907	1.04081355445872	47362	0.355988051970422	4	2	2	-6.74888859469674
chr20	25773570	26081167	0.0863917925063411	22	0.113562310069839	0.912017941125218	232	0.412801841666081	4	4	0	-7.08382750959656
chr20	26082924	26274736	0.499000460263164	12	0.0970074973672373	0.967285266608432	211	0.334056815041872	4	2	2	-6.74048141164893
chr20	28559278	29836141	0.490340194157097	378	0.157585547778237	0.909866531131536	1596	0.390129237782799	4	2	2	-6.84054446753483
chr20	29874731	30919423	0.251290472284549	169	0.156917416447862	0.881786552329012	1061	0.398917706624048	4	3	1	-6.85431524267679
chr20	30920342	64239656	0.498907670792762	2320	0.0871714586733442	1.05359047716958	104797	0.361166855263654	4	2	2	-6.73321590011061
chr21	5218123	10739795	0.29496830474181	624	0.149414040085377	0.874397627025654	4068	0.561207943852459	3	2	1	-6.87988832021765
chr21	13000964	14301123	0.156115674455875	114	0.113723634877005	1.5087573416717	2147	0.659660468044835	6	5	1	-6.74191652451116
chr21	14475900	15175000	0.355960937093218	39	0.120014798907531	2.2496817472903	1500	0.976779548358138	8	5	3	-6.7500185041618
chr21	15202135	37363019	0.132415098732508	1498	0.0881248887207854	1.94019531022549	53745	0.933971586065015	7	6	1	-6.7819787004976
chr21	37377617	37625399	0.413865551693836	23	0.17548626963395	2.47722553480422	943	1.83809129984922	12	7	5	-6.73577773977513
chr21	37635807	39263083	0.141167169309723	103	0.0953529498081818	1.73713485992735	3377	0.822277238267054	7	6	1	-6.73820801443561
chr21	39270230	39366694	0.339937301557452	32	0.106666720745114	2.81375835081823	1017	1.76510158425559	12	8	4	-6.73557661273009
chr21	39368980	43207517	0.139122224613757	453	0.0822037800030826	1.75950712587598	14525	0.658393829092785	7	6	1	-6.74549498766416
chr21	43262521	44579959	0.163630634341261	143	0.104010983763378	1.48639732929942	6318	0.544554422483898	6	5	1	-6.74329446096276
chr21	44580008	46645223	0.138334129292976	404	0.0773462651574296	1.87988541715311	14584	0.626159657755834	7	6	1	-6.73636574060101
chr22	10613306	11279338	0.21597625039097	381	0.143377374681848	1.00768208715226	1715	0.519524318795219	4	3	1	-6.76946427187993
chr22	11285026	11604057	0.498357449489689	67	0.180602655884481	0.589656593347673	396	0.313946670507951	2	1	1	-6.75799559442756
chr22	11604116	12813658	0.483310199849888	105	0.165095605557383	0.635384157581453	669	0.388761511549392	2	1	1	-6.90457287263479
chr22	15563583	16644924	0.498182630805058	34	0.201983806555171	0.552102016110727	799	0.218907345143467	2	1	1	-6.76372113999721
chr22	16692122	19184768	0.00038694622616281	154	0.0751118095358814	0.533999796796669	4945	0.189803390294891	2	2	0	-6.74159204450654
chr22	19210386	26555249	0.498876978193178	952	0.0927886153002487	1.05420845829267	33243	0.342157622992653	4	2	2	-6.73318733948282
chr22	26626307	27154149	0.219510941491484	56	0.112941175356506	2.32086793927072	1210	1.29741597364102	9	7	2	-6.73345391816426
chr22	27202640	34721649	0.498859680891623	541	0.089324371950692	1.07315821920719	26872	0.395277962537586	4	2	2	-6.74372705843882
chr22	34742549	36398522	0.325434453923938	219	0.0980049764526919	1.54264279271097	7139	0.562049240642975	6	4	2	-6.73864601060039
chr22	36428955	36923547	0.499140525494928	71	0.0759748687666167	1.24367941902703	1899	0.411632505119182	4	2	2	-6.78135314408769
chr22	36923905	39193347	0.313597495742951	474	0.10711389251121	1.68449453915269	20976	0.627728785323755	6	4	2	-6.76770347359041
chr22	39196827	40251495	0.000933696873189671	46	0	0.522749687894036	2397	0.172660048871578	1	1	0	-Inf
chr22	40262762	41734379	0.256910875261561	308	0.102816484130841	2.14292110542214	16275	0.97460344510884	8	6	2	-6.73602698802851
chr22	41737549	43725447	0.346662296022715	389	0.112435718552673	1.53848046090913	12575	0.692169450138492	6	4	2	-6.74314529539407
chr22	43752471	45161922	0.285866649765977	256	0.0994834622057907	1.79346396324885	6514	0.676763954495855	7	5	2	-6.73436651882559
chr22	45179105	50032087	-0.000506605618795786	260	0.0325459132862556	0.533896436947563	7007	0.207522778781498	2	2	0	-6.74671003633769
chr22	50033757	50125984	0.283656206426956	15	0.102206979539886	1.85726916589843	1066	0.652601873821122	7	5	2	-6.73328144374571
chr22	50147099	50758772	0.00240064256287975	139	0.00358136722788048	0.517264614597311	5102	0.147352932952712	2	2	0	-6.99635111150781
chrX	260234	57876210	0.498891300493692	2149	0.0982422803949398	1.05379560239839	103432	0.386982623920843	4	2	2	-6.73332301963446
chrX	63633352	90234603	0.498889329044371	510	0.0880214096794814	1.04902470004051	33684	0.350343133998757	4	2	2	-6.73478054161175
chrX	90508396	99734645	0.389997505903766	97	0.118546923481845	0.776279789916013	3812	0.299630889378702	3	2	1	-6.88481919300772
chrX	99887200	155917811	0.49890521442812	1460	0.102165348052283	1.04023314271966	88634	0.352408036547452	4	2	2	-6.7717276240006
chrX	155983033	156010162	0.143044498941827	14	0.0831140154272404	0.925878560359434	109	0.296380001863464	7	6	1	-6.81950216517039
chrY	11111625	56837148	0.0527157847746466	51	0.181637486413428	0.270778737388322	132	0.343769097928044	1	1	0	-6.96492995505103
chrY	56854987	56885653	0.405826582901911	68	0.157402066909085	0.786466751994838	221	0.30244731583606	5	3	2	-6.78668635322133
