chromosome	start.pos	end.pos	Bf	N.BAF	sd.BAF	depth.ratio	N.ratio	sd.ratio	CNt	A	B	LPP
chr1	69511	847601	0.120198825781039	9	0.188724078426092	2.58606482333352	283	3.0983528809343	8	7	1	-6.74236261460347
chr1	856883	1468636	0.00367093240550598	153	0.0203051984376251	0.465750403674628	4372	0.135299484506882	1	1	0	-6.83356644169238
chr1	1486536	1640502	0.288003203289085	17	0.162820746799157	0.406221355799159	866	0.125119186281486	1	1	0	-8.4197814156188
chr1	1641275	13225986	0.00272358960069874	802	0.0207166771560696	0.421035754402228	26034	0.157165111573923	1	1	0	-10.5452183576397
chr1	13227417	13243105	0.498396079152404	11	0.135486731990459	0.345539374455142	68	0.229042935177057	2	1	1	-6.92669346199742
chr1	13243874	15690069	0.00356019274338065	132	0.0660232975199359	0.419159808217933	3479	0.174696537298028	1	1	0	-7.8699486119994
chr1	15727156	54854301	0.498907260351438	3084	0.0971942671229139	0.882628203364129	141376	0.335755619871589	2	1	1	-8.75893163252493
chr1	54855121	60750481	0.49881534288245	216	0.105496543717954	1.14508482874347	7745	0.463102805723181	2	1	1	-7.05040342243993
chr1	61088129	61586708	0.0362520079222949	10	0.162233336757756	0.839424670241836	403	0.475099551442482	2	2	0	-6.80004403878633
chr1	61595851	62381281	0.486138265231671	86	0.136504786625033	0.727971198197231	1970	0.30083200396414	2	1	1	-7.2034663286889
chr1	62400092	121530950	0.498904078508334	2100	0.0930749773312048	1.07464675465323	99491	0.419532748863709	2	1	1	-7.78288392470995
chr1	125065938	143231415	0.479364375684751	14	0.19297389221582	0.389502757182864	285	0.149112170983654	1	1	0	-16.2356186943815
chr1	143437064	146139360	0.498801688308506	117	0.119822199180476	1.64304594960449	6539	0.635817502337818	4	2	2	-6.8739431377802
chr1	146139478	146757826	0.0341957218528923	12	0.0730198706870364	1.20087535720571	644	0.551124330978621	2	2	0	-6.90559730355103
chr1	146771646	149250725	0.35349465603827	229	0.11391252485472	1.69921139848555	6694	0.718311968521163	3	2	1	-6.80133461377308
chr1	149475955	150308908	0.0359011048020679	59	0.0809152170815091	0.920318721098569	3019	0.345457183136777	2	2	0	-6.87301066709777
chr1	150318165	151529261	0.33855419780922	198	0.110651051771619	1.09325126700564	10691	0.366403815497634	3	2	1	-7.21214897050156
chr1	151535585	153483270	0.350568871390531	188	0.109062112718112	1.65656332146421	11278	0.546265376520037	3	2	1	-6.79186647006636
chr1	153487405	156908005	0.336994911559188	602	0.102777278421925	1.24423072967743	33879	0.419790410737852	3	2	1	-7.08912909596565
chr1	156908643	157527370	0.328331672335637	113	0.086450453682128	1.5650385573772	2619	0.534542637083536	3	2	1	-6.73820857698123
chr1	157534328	158755932	0.0492644322258065	98	0.0369066195867982	1.18677483821873	4875	0.315824754516849	2	2	0	-7.87218849590225
chr1	158861556	164996124	0.498880593418286	559	0.104352387475609	1.90044198934886	28631	0.809853812408195	4	2	2	-6.74398772434354
chr1	165039014	166352787	0.0581850641319205	81	0.068869441699494	1.11433005609365	2088	0.454293533167655	2	2	0	-7.18364955929882
chr1	166352801	168495544	0.371028734240584	170	0.100910315555893	1.50588594403634	7177	0.556302477417216	3	2	1	-6.81610050293188
chr1	168523519	169114868	0.0627006331182803	25	0.0677994100269316	1.21777013201733	570	0.426689858828744	3	3	0	-7.28481001397403
chr1	169247207	176349569	0.333289289509665	431	0.106882542257983	1.69259534273306	21625	0.740738279073416	3	2	1	-6.85721302154728
chr1	176377376	177819987	0.0552810377522546	22	0.0442210112446316	1.20633239022493	1815	0.537377896540513	2	2	0	-7.66031900075262
chr1	177856268	184236500	0.337597509426229	582	0.108929557701964	1.57207676384929	23483	0.656679496825771	3	2	1	-6.75963350059529
chr1	184238266	188418810	0.498865033787794	283	0.123474678845772	2.24511000364759	13037	1.0361368936231	4	2	2	-6.76798288873266
chr1	188572863	189717621	0.0428322801331615	25	0.0518989402589301	1.35529746502853	470	0.674844404352397	3	3	0	-7.12959313740975
chr1	189798582	199836509	0.331916022117407	347	0.109224417510098	1.797326992528	13769	0.853409489384444	3	2	1	-7.01148793840175
chr1	199909042	204906904	0.331212385569255	693	0.0987312934552717	1.38735372045782	27173	0.504923100486971	3	2	1	-6.79217654234108
chr1	204944143	206124163	0.499226428901846	122	0.0699684819786521	0.948998753942054	5348	0.304280691832388	2	1	1	-6.74880674376809
chr1	206393536	206482075	0.00252127348326248	14	0.00320713490294909	0.523403928125492	365	0.136620782150116	1	1	0	-7.09055539781636
chr1	206492563	208889662	0.498940850726896	137	0.0841662829262586	1.07555604308618	6442	0.378392198636311	2	1	1	-6.79643518784756
chr1	208944461	213007021	0.0963849960425591	145	0.0804091953530068	0.551736693516206	5591	0.200340838977019	1	1	0	-8.09974820351402
chr1	213144453	214738964	0.183199743327827	58	0.0909395869214804	1.08725516844699	2691	0.410873458061982	3	2	1	-8.55321284164864
chr1	214780806	216325650	0.112208528884189	35	0.0575435092967476	0.657899659333566	1744	0.198429035671195	1	1	0	-9.87974702755616
chr1	216418661	222664874	0.498812703629728	269	0.0976704251907603	1.06278555809441	8608	0.496669919350658	2	1	1	-6.80228767804816
chr1	222712777	224560691	0.110426002264257	111	0.0772187613260994	0.50637914438201	3188	0.185335547428745	1	1	0	-7.77411518348658
chr1	224574465	228653610	0.498863418025027	320	0.104649762006838	0.972750391206475	13597	0.322716611962722	2	1	1	-6.743110446136
chr1	228828639	241210312	0.102965658194872	582	0.0922146976571861	0.529739531458818	17069	0.204467963381181	1	1	0	-8.06632898929815
chr1	241548722	242254631	0.492458145914827	72	0.0966710052450375	0.910265298372102	1958	0.321935237436017	2	1	1	-6.76748568747054
chr1	242274479	243958048	0.349056685041611	92	0.114463534023365	1.44763088517578	3256	0.661546945873975	3	2	1	-6.74621270690591
chr1	243994112	248936648	0.49893886257618	406	0.0964743296955966	1.00919198970579	13028	0.39224498126862	2	1	1	-6.73810803170839
chr2	576262	23711663	0.498874653278854	879	0.0958322168675204	1.02287121477796	29205	0.419184520156884	2	1	1	-6.80147578049187
chr2	23754507	28939888	0.498875186220361	410	0.0845785923913014	0.861173116902538	22636	0.30812802129387	2	1	1	-7.33403756760827
chr2	28946746	37255742	0.498857076514398	463	0.094934288606767	0.978969223799306	15896	0.397614991847266	2	1	1	-6.73954277992217
chr2	37277962	37481936	0.00748814631426908	18	0.0226738742865748	0.523753591735663	263	0.165927318305608	1	1	0	-6.81040904197506
chr2	37664130	92005066	0.49890061827241	2325	0.10253669090836	0.979411109014224	92020	0.408023109732475	2	1	1	-6.77033465295638
chr2	94190317	95939051	0.498681449393914	51	0.104253886935579	1.00362024748432	3346	0.308502630880478	2	1	1	-6.73436083456427
chr2	95939110	95954090	0.189973476863897	60	0.126495041326631	0.784327651827558	203	0.29681248757847	5	4	1	-6.86928155317276
chr2	96106976	97149219	0.499227528079883	64	0.0746931138721679	0.865521248816795	6109	0.245457312036264	2	1	1	-6.92304597076415
chr2	97151732	97164316	0.49816233117297	28	0.173008440935466	0.971082584094867	138	0.300107925595416	2	1	1	-6.73313937453904
chr2	97164367	136807752	0.49889063242147	1660	0.0974510816219864	0.975245300741236	64208	0.387585308111441	2	1	1	-6.78450458809262
chr2	136864822	196343807	0.498906543152605	1924	0.0849639621990551	1.13951904480635	95215	0.41927229665913	2	1	1	-9.20678630078947
chr2	196379401	208256465	0.342473226557508	704	0.10728205964048	1.40219587963484	36727	0.666537098503961	3	2	1	-6.7954373252403
chr2	208261791	218060849	0.349652461025522	587	0.111569858981468	1.57688208249207	20377	0.697930748346446	3	2	1	-6.78474159207647
chr2	218062136	219637693	0.352565007898497	307	0.0852648205872244	1.3164911565809	17896	0.367653867036733	3	2	1	-6.86825527882633
chr2	219640699	232334536	0.00287089827574338	426	0.00825450459901076	0.484594653308739	13312	0.19355386274777	1	1	0	-6.92267230137303
chr2	232334636	232381292	0.00998840580015314	15	0.12963623097326	0.452965223419001	223	0.152343011272807	1	1	0	-6.74674176809458
chr2	232386656	242183177	0.00111233043418696	658	0.0188742615901874	0.485725316781365	20098	0.16107111970442	1	1	0	-6.84274271834309
chr3	38293	2239016	0.366062560168895	134	0.11324849110877	1.63339349946107	2433	0.763339579256063	3	2	1	-6.80191807131194
chr3	2353861	9324912	0.251823434844659	576	0.111724018097304	2.14845001385931	16402	1.13548385569206	4	3	1	-6.75315010616373
chr3	9354346	17348019	0.246765179578061	1094	0.105404402179967	1.86798309501169	42482	0.908518122936838	4	3	1	-6.75536179148642
chr3	17371910	29309611	0.333912766252456	387	0.11173201327116	1.61806742357069	16138	0.834621453486205	3	2	1	-6.80262392630344
chr3	29346615	34279406	0.498797784024401	272	0.0957604580283163	0.99831897884374	8926	0.418941608412676	2	1	1	-6.7335960892541
chr3	34608830	35505056	0.361519746244344	24	0.121446684192897	1.84809766827518	526	0.928950191811465	3	2	1	-6.79401956760432
chr3	35715286	46940839	0.498886890067362	622	0.0875177247737693	1.01025210080937	30878	0.361821855667108	2	1	1	-6.74825943136187
chr3	46941247	49394988	0.498860224214336	252	0.0935650827704601	0.828022293479975	18506	0.245346364431744	2	1	1	-7.44848472641918
chr3	49399151	50387746	0.335726420470454	104	0.095134356761609	1.2961120041056	12069	0.445735587870772	3	2	1	-6.79064541425315
chr3	50393979	59927542	0.49887307560518	502	0.0824284696734258	0.923043962053267	29837	0.330313569385826	2	1	1	-7.00101551711893
chr3	59928719	75665035	0.498842761513285	605	0.0960985286983923	1.08066255350729	19564	0.438718146605367	2	1	1	-7.06474271249571
chr3	75665051	75772805	0.157965839601681	146	0.153103600603362	0.758110676790849	580	0.349601967976927	2	2	0	-7.35038793684005
chr3	75783425	90507212	0.498807536811885	270	0.0957439294552758	1.17595355712409	9079	0.517109562997888	2	1	1	-7.55399032496785
chr3	91445573	93844766	0.498069934960041	9	0.197825329801598	0.314411990091789	106	0.405457791249811	1	1	0	-10.6170406471564
chr3	93844768	129936385	0.498900012660873	1424	0.0854668787565501	1.05061302589602	66827	0.392896854172559	2	1	1	-7.14839009145211
chr3	129948662	130089850	0.498123037369022	14	0.165128721019375	0.956387378474356	248	0.381324865347066	2	1	1	-6.73393164754983
chr3	130090026	181745850	0.498900818228317	1935	0.0877501781147415	1.0942183847791	76749	0.446013415612165	2	1	1	-7.92698226134247
chr3	181800194	187131243	0.49886013552161	432	0.0900773318084141	0.902633982962531	17891	0.354155563167996	2	1	1	-6.95698229929168
chr3	187133300	195166972	0.498842882423843	383	0.108511886671587	1.10551222622424	11311	0.436567592654996	2	1	1	-7.0109050935442
chr3	195167317	198150609	0.498769637224006	459	0.12548033987377	0.811326500648364	11265	0.299071783322298	2	1	1	-7.45603081622593
chr4	13970	9723544	0.498877666691914	975	0.0948909139676978	0.896754044544079	29881	0.305924976367926	2	1	1	-7.31951984768944
chr4	9735127	38909974	0.498860497129405	867	0.0901284914096888	1.08005505237888	30072	0.474342809846002	2	1	1	-7.23706953111425
chr4	38913699	41014467	0.498812623376314	151	0.089352623860346	0.742672621260432	6318	0.285182380145987	2	1	1	-7.81882871857358
chr4	41016954	48849920	0.498866266110903	305	0.0946374813108023	1.06108247747473	11205	0.430156081719457	2	1	1	-6.84261240166186
chr4	48851702	49711665	0.147858580473376	56	0.155751641087016	0.864442623307639	895	0.481397294458843	2	2	0	-7.27271899088222
chr4	52076798	54691818	0.47047601416512	85	0.0938977287978221	1.03535319760789	3565	0.477001182376882	2	1	1	-6.8037451526409
chr4	54723492	55376000	0.211834127981494	58	0.130215509626805	2.57463960621268	2153	1.09841589802883	5	4	1	-6.73841095233534
chr4	55416135	58507284	0.499008593691199	152	0.0793891037398122	0.870942444947101	5521	0.352513004393623	2	1	1	-6.97965354487217
chr4	58749450	189984205	0.000974154394680238	3043	0.0321009592891551	0.53993809294306	106916	0.210475208684933	1	1	0	-11.6578577944974
chr4	189984440	190179679	0.367682460597636	20	0.141158095392141	0.891334591626817	220	0.466285540514235	3	2	1	-6.90717026624815
chr5	36595	1285860	0.186504544544895	297	0.084673895088265	2.45494678488558	10690	1.07573851019282	5	4	1	-6.74831406829283
chr5	1292868	3755352	0.279541352727191	164	0.106012824641541	1.75261063172207	4472	0.799026191344287	4	3	1	-6.81524449625264
chr5	3818050	4975561	0.446700255626412	29	0.0698406701845183	1.19894579444452	577	0.579750203927623	2	1	1	-7.13605272218013
chr5	4975605	7724653	0.24345111836894	160	0.107911153182292	2.31372509479828	6377	1.24567680354068	4	3	1	-6.75991732627398
chr5	7757592	10125898	0.498644526480764	74	0.169134762653338	1.15163417137673	2072	0.614144971061247	2	1	1	-6.81464311297138
chr5	10211796	15673092	0.00285579996782914	161	0.0373805468058335	0.521098906260458	4855	0.190956938388211	1	1	0	-6.93919869763476
chr5	15927818	20305592	0.219389095084765	384	0.11157537531477	2.2388362279074	9783	1.28145916515397	5	4	1	-6.76813470453572
chr5	20423639	28501748	0.187860760746072	433	0.111035979971626	3.03086633047113	13044	2.26319729401867	6	5	1	-6.7550908347847
chr5	28773111	32987167	0.453134942202825	189	0.0901580035740899	0.914381908716978	5717	0.417333636420656	2	1	1	-6.98821916600164
chr5	33062083	35860966	0.163440218037201	441	0.0894327404760579	3.28227918305751	13774	1.7303549027222	6	5	1	-6.73907208604029
chr5	35873503	35965509	0.480652648782184	13	0.042743420546325	1.17810607913614	325	0.310234398103082	2	1	1	-6.87020900093399
chr5	35967898	36301272	0.174339585647148	47	0.111351544724303	3.46967840819271	2717	1.46117745556696	6	5	1	-6.73805306124911
chr5	36348653	38985167	0.323926801598096	162	0.100134718701486	1.43952882998829	7626	0.613837471286755	3	2	1	-6.74321970340062
chr5	38994132	40320162	0.144685102909216	146	0.0990515115316414	3.6792553574275	4452	2.61247639582887	7	6	1	-6.73361171554603
chr5	40323316	41160209	0.49910652105061	43	0.0905397130856161	0.993153335789428	2214	0.516603102990119	2	1	1	-6.73308817344414
chr5	41320792	42565725	0.00893523432516752	29	0.0156379133830371	0.595362890660097	812	0.211064370704829	1	1	0	-7.42996526208565
chr5	42627926	46206799	0.498784347305496	108	0.109000071451004	1.08924481515181	3948	0.457111509428506	2	1	1	-6.8196903693199
chr5	49602118	70219446	0.00309833810035653	429	0.00860944677014698	0.519551231257152	16246	0.20832935460098	1	1	0	-7.34473482953263
chr5	70219739	71207763	0.143172626746445	13	0.167593525362974	0.543159269740275	222	0.628079667583082	1	1	0	-7.15384423520073
chr5	71396636	138578193	-0.000651922312421838	1440	0.0297850126168316	0.52209814448565	59088	0.208143637588431	1	1	0	-8.46680842213099
chr5	138627112	170895915	0.498908744327688	1508	0.0863509028217632	1.00946348760908	67911	0.37974215235476	2	1	1	-6.76898250859215
chr5	171105101	181281814	0.49884629106812	923	0.100920497640906	0.889415147807438	31840	0.33355478780507	2	1	1	-7.33515696160962
chr6	203845	356417	0.498453483531054	26	0.158788805069453	0.486059195064129	301	0.161367350664455	2	1	1	-8.13965376896482
chr6	367352	2796389	0.00297634747089659	88	0.00453731769095257	0.559073550359113	2026	0.216652346181489	1	1	0	-7.38872488166365
chr6	2834031	3085243	0.212874843006105	16	0.0833244411922456	0.958468459571451	740	0.30275935046074	4	3	1	-7.61601291361704
chr6	3113038	3177634	0.0015984106569531	12	0	0.523817861144671	247	0.208092716636026	1	1	0	-Inf
chr6	3213023	7264091	0.00149958884499868	216	0.108171473199387	1.03624509644149	6403	0.408384879863542	2	2	0	-6.75944780480032
chr6	7269315	7346505	0.000679443956714598	11	0	0.512883047312116	294	0.3669328777472	1	1	0	-Inf
chr6	7373016	8538532	0.341928208293537	120	0.102741965547647	1.52421753986965	4452	0.626142126070824	3	2	1	-6.73816814215101
chr6	8538544	10969462	0.256473785751776	227	0.107920325315097	1.92673808085061	7151	1.05677694480676	4	3	1	-6.73639050121497
chr6	10975270	16912647	0.200612103831338	755	0.102092880244082	2.67652769418438	24094	1.54499327382325	5	4	1	-6.74147954363109
chr6	17018570	21863668	0.498730668262389	263	0.11996292057672	1.09386373121521	9101	0.491541121689548	2	1	1	-6.843521029404
chr6	21878797	23972860	0.408166558722412	56	0.0840517292018325	1.64784941064018	1830	0.839085467458574	5	3	2	-7.02440070839159
chr6	23976824	26032190	0.0034674354913492	152	0.0113109277290908	0.509014082379264	4065	0.179722782112164	1	1	0	-6.81235772200475
chr6	26093008	29836701	0.461954171901422	395	0.0949973443390502	0.896088498248636	12290	0.272908802514893	2	1	1	-7.13033787445745
chr6	29871604	29939049	0.134014712565082	33	0.121369793993149	1.08550428124574	300	0.421775613546862	6	5	1	-6.99948439847726
chr6	29940267	30909983	0.498920647713123	252	0.0957118004795001	0.87325970541276	6296	0.280038829637863	2	1	1	-6.85327100322242
chr6	30910802	31228051	0.344885695158491	159	0.0974859770596286	1.1476838260556	4115	0.283428939896018	3	2	1	-6.8983693964668
chr6	31232204	31357653	0.283244431414861	69	0.124601821057084	1.41763492851394	693	0.363387150359137	3	2	1	-6.82985078035753
chr6	31366487	32473619	0.373889435789764	497	0.088802924601598	1.17708972946875	15191	0.323427123597724	3	2	1	-7.18850100253927
chr6	32485610	32607104	0.202442821252873	45	0.157370315376237	0.960564230120285	199	0.500608094613611	4	3	1	-6.93702014383226
chr6	32618701	33185751	0.498760835848416	261	0.101923081438478	1.40886359760424	4358	0.405306917013577	4	2	2	-6.96790788781191
chr6	33198257	41569606	0.382030776667697	742	0.100867063317601	1.21047334199001	34714	0.46719367059909	3	2	1	-7.7257295973902
chr6	41590207	43072240	0.498764890199472	137	0.105981160274788	0.732782038438306	6958	0.253579048617666	2	1	1	-7.79734461019352
chr6	43226317	43411463	0.230437913769137	21	0.115466259759538	1.97534173427501	2316	0.83749552132103	4	3	1	-6.75020667460334
chr6	43431673	43747400	0.496375374962499	43	0.105236952484989	0.82196153779069	2704	0.513500726922395	2	1	1	-6.75931922256161
chr6	43770613	43963401	0.178460618714373	25	0.112435655673219	2.62271482457063	616	1.39467046930432	6	5	1	-6.74058978659738
chr6	43969164	44450183	0.498697021071718	63	0.115802292805217	1.1250964631529	3375	0.866627839041578	2	1	1	-6.7390888162043
chr6	44469418	45142472	0.217060124632911	35	0.116790101169116	2.9289103161923	1333	2.12029198438845	5	4	1	-6.74825904634663
chr6	45143125	48952215	0.374903600105709	141	0.105950965508572	1.58126616728008	7468	0.841644654021571	3	2	1	-6.83549101866966
chr6	49022849	50570899	0.218206409697582	79	0.123420705562341	2.66376152360961	3572	1.87919454442972	5	4	1	-6.74736186573471
chr6	50668895	58380586	0.364323543834852	346	0.0992041121964505	1.6112705432103	19745	0.675933850379254	3	2	1	-6.85283084754064
chr6	60272666	60932089	0.0780283024025333	75	0.0600186547576578	6.01806912468612	2338	4.26240486721586	13	12	1	-6.73334007889932
chr6	60964215	67220254	0.17077679035507	238	0.121036178465514	2.71989587624385	8105	2.12001487495313	6	5	1	-6.74063664387701
chr6	67621378	167297930	0.00155906253786584	2610	0.0220259511460789	0.540427801288637	94629	0.21000505655129	1	1	0	-11.0731138983002
chr6	167298057	167376127	0.293625046081471	9	0.0967923034130297	0.513879190194421	265	0.116304639433697	3	2	1	-9.34073878872876
chr6	167382936	170737131	0.00191049876438953	132	0.0306958168389236	0.542262423136621	3863	0.178243444494719	1	1	0	-7.19078215347884
chr7	50354	4787699	0.498864279275386	492	0.103435965710036	0.845111763638986	13875	0.29625354515567	2	1	1	-7.47583930242858
chr7	4787849	6888763	0.498794699121083	254	0.105341859207819	0.696440206261794	9336	0.251818355679681	2	1	1	-8.55281917574188
chr7	6896650	43671720	0.498897821732979	1620	0.0928424933261525	1.07882015382225	54151	0.419238963188748	2	1	1	-7.49045570290879
chr7	43696302	45657698	0.498815028272194	160	0.100923658800404	0.882311195560443	7792	0.30960412575789	2	1	1	-6.9000225073384
chr7	45664236	55599006	0.489876032572204	409	0.0814866346326778	1.09330994327504	12711	0.419729704764121	2	1	1	-7.04000985645398
chr7	55605490	56016896	0.499027572083201	48	0.0833201097664265	0.677459916838603	1357	0.26297519756601	2	1	1	-7.21439444006401
chr7	56019772	56021328	0.010937360824584	11	0.0391289244328633	0.390931038077206	29	0.123602184446716	1	1	0	-6.78303811706388
chr7	56102754	58100284	0.445820221056886	78	0.139592239540719	0.808031308998272	2518	0.328596293872037	2	1	1	-7.26032444889425
chr7	60958088	65781120	0.498711312285771	247	0.137374645139791	0.81095220891213	5758	0.311221329276176	2	1	1	-7.76103327702762
chr7	65783450	65822270	0.498434361932624	91	0.151392697042984	0.566306657976338	243	0.264484957143467	2	1	1	-6.83633161174267
chr7	65853042	77004716	0.498835575966491	686	0.113990175971064	0.713266370289839	24646	0.325781357048472	2	1	1	-10.3160993502342
chr7	77048943	97852500	0.496597829256633	659	0.0884656196164986	1.13371385700149	29689	0.443910202524639	2	1	1	-7.67950048608854
chr7	97854528	100952148	0.186314971262179	346	0.10148956217576	0.772711180820309	18615	0.257408434305911	2	2	0	-9.6670880335742
chr7	100952233	100959720	0.106875071774763	55	0.135130456981542	0.568270792983644	413	0.184548540059447	1	1	0	-7.0890616312521
chr7	100959783	101204238	0.498619115367598	114	0.142807812872692	0.666670281960818	3599	0.150587423854766	2	1	1	-7.61637027308765
chr7	101206523	104469958	0.498808971144121	272	0.104269660709924	0.855772502384549	9133	0.33743230966715	2	1	1	-7.09148143440346
chr7	104476703	104764461	0.0451833100534289	9	0.161281586053709	0.721572854867119	170	0.417186610913859	2	2	0	-6.87925635765353
chr7	104902547	105872249	0.497246555797097	39	0.0719818915599653	0.818587147939283	2964	0.307843078199409	2	1	1	-6.954747143272
chr7	105872926	128231972	0.498886541037787	614	0.0846496405631777	1.11926113342767	28619	0.423632326115114	2	1	1	-7.64822850554815
chr7	128254354	138088091	0.498881818088486	517	0.0957040681678567	0.960885298786727	22445	0.381455419809027	2	1	1	-6.77675855720122
chr7	138088545	141124135	0.498830633206858	237	0.0971971607819787	0.812814933798536	9030	0.314982746213707	2	1	1	-7.39162170706043
chr7	141138753	142752462	0.498826361925919	209	0.119411090788247	1.09493229472793	6112	0.308116025209644	2	1	1	-6.82882348900609
chr7	142752700	142774520	0.0869423470490983	53	0.171439356129766	1.08222393455858	370	0.261930792648934	2	2	0	-6.88491246318661
chr7	142774654	152273771	0.498890578477472	696	0.095525435521412	0.969963539461784	25405	0.336672880969196	2	1	1	-6.76080940755213
chr7	152295782	152416481	0.133805428681116	76	0.164394093781302	0.655190160644766	438	0.352081723169162	1	1	0	-7.15089021833712
chr7	152442769	159234700	0.498852074510721	430	0.0945744793023285	0.922081612767669	10798	0.356379436963528	2	1	1	-6.90454072331669
chr8	232794	12185296	0.00203196936662003	823	0.0601496029732878	0.996195485448899	16295	0.409879721322524	2	2	0	-6.73414068904626
chr8	12185371	12588269	0.498515147943668	40	0.16663120456065	1.02785624745697	425	0.424058251212913	2	1	1	-6.73467211839105
chr8	12595674	43438973	0.000877200219316532	1658	0.0201609349000355	0.942748957764362	60711	0.387579253332572	2	2	0	-7.04985868384012
chr8	46033949	58220305	0.000254184851309347	316	0.00540215820213627	0.996364190038546	14987	0.446348162366132	2	2	0	-6.73476465126696
chr8	58230114	85231345	0.00157664202437569	1205	0.0100749324462076	1.60155112657837	46265	0.760170376125833	3	3	0	-6.89146673430043
chr8	85262094	85741067	0.0111113236059426	16	0.157454318772144	1.54916894685307	867	0.629368048715861	3	3	0	-6.7371323104938
chr8	85922612	95566372	0.00186467750350899	383	0.0127385020820013	1.56651503095811	18907	0.760052136888766	3	3	0	-6.7711550334938
chr8	95671656	95762976	0.136551305186967	9	0.156136514342773	5.39917368136028	231	3.851357342579	15	13	2	-6.73366680476017
chr8	96081858	98822758	0.00484728751838143	167	0.0218460799327138	1.44329006608288	6480	0.68105466820788	3	3	0	-6.76595576502889
chr8	99007876	99211963	0.0949587619755464	14	0.129159242372003	4.37141852261398	1468	2.53926177871542	10	9	1	-6.73425176449746
chr8	99824044	136281940	0.00128169382727572	1836	0.0181512913292193	1.60700548265213	69478	0.748617377610218	3	3	0	-6.95273578916477
chr8	136287765	136470243	0.497769993976995	9	0.220301182727445	2.13458232697826	113	0.854089191032727	4	2	2	-6.73387124815296
chr8	136484103	140327988	0.000765711977411321	231	0.00647113209078752	1.62205213786809	5754	0.799383583474273	3	3	0	-6.76750384293913
chr8	140329893	144512433	0.000179258230428692	642	0.0163721803384389	1.4028694484855	27392	0.443078779603136	3	3	0	-6.77873034861457
chr8	144513800	144524688	0.0049182556596612	9	0.158505520408596	1.54223579732306	492	0.251966949509174	3	3	0	-6.73373152889433
chr8	144527516	144761848	0.00366146251686938	38	0.0077866282142766	1.2660431346968	1127	0.488121960292408	3	3	0	-6.87840707723421
chr8	144765998	144782530	0.0372732846702725	9	0.117008665396106	1.11176488452831	236	0.349132376857978	2	2	0	-6.79434261286756
chr8	144783151	145066250	0.00136286970898652	79	0.00288174367497251	1.42924634800438	2135	0.568911017518181	3	3	0	-6.86521077115178
chr9	214427	39028359	0.000907318182470196	1184	0.00949271197956439	0.499032011811743	39599	0.194420659031689	1	1	0	-6.75407985783139
chr9	39033140	42877909	0.284566338329022	297	0.168121745696151	0.562684196488601	2464	0.252350800728314	1	1	0	-8.61111297914989
chr9	43242650	66826972	0.498479374363586	133	0.180697152194269	0.554348217778244	1532	0.300548472045793	1	1	0	-10.9806646702546
chr9	66908658	123366487	0.00191561406109786	1683	0.0303569563743604	0.495900153771289	65574	0.188594008418352	1	1	0	-6.73693298980207
chr9	123373022	138120899	0.0027309836482482	1294	0.0455970603974041	0.434226433195197	45805	0.15146347265443	1	1	0	-10.3269617765298
chr9	138141483	138177317	0.498281938304002	19	0.168918091504217	0.586432772982763	99	0.370471789666603	2	1	1	-6.77624144946996
chr10	47485	38638124	0.00039156927437578	1340	0.0387861754359319	0.466087304094928	40681	0.189012868654411	1	1	0	-8.60227595591449
chr10	38646448	39131435	0.498222172945832	30	0.194309339817287	0.513049036615318	139	0.182787318018515	2	1	1	-9.18737492399308
chr10	41860304	42280334	0.261109205566651	15	0.145306015344301	0.383475119216651	79	0.177094936004182	1	1	0	-8.72120978981875
chr10	42283185	54237050	0.000718174045894748	435	0.0972453282650569	0.518487391577553	13625	0.209174603600447	1	1	0	-7.02539592979683
chr10	54389672	68493356	9.66166500053767e-05	436	0.000882519735782228	1.08264328865576	16399	0.548094325286224	2	2	0	-6.94334949918037
chr10	68524075	68721632	0.497588280648475	9	0.147428325335097	0.634148693543782	711	0.273897289037437	2	1	1	-7.03528475254122
chr10	68721790	68860176	0.00201723472078708	13	0	0.579402505170107	539	0.228973161646374	1	1	0	-Inf
chr10	68860935	68974833	0.0207335954158043	9	0.088706131568104	0.69399876305365	613	0.269581650268109	1	1	0	-6.86924624931213
chr10	68989028	91673239	6.56085134794204e-05	1159	0.0103543805567431	0.966466522338887	45751	0.384724219641894	2	2	0	-6.80001584609641
chr10	91683317	103470575	0.000935604794642886	720	0.0122367665741057	0.895585701339131	41062	0.318333446990246	2	2	0	-7.40180957118106
chr10	103473353	125860018	0.000139706133497675	1060	0.0161447856072388	1.00232158278496	41208	0.391112644589471	2	2	0	-6.74064493157716
chr10	125888830	125918096	0.17385548108532	14	0.134934273784529	0.764953413626328	101	0.337763844796161	5	4	1	-6.96154823861724
chr10	125918286	133539474	0.0019412606273862	477	0.0403777038256016	0.983571229565413	14016	0.348137452658589	2	2	0	-6.73788637296103
chr10	133554555	133689420	0.00320290152886726	9	0.176383420737639	0.957958359092365	304	0.338015717684378	2	2	0	-6.73414421563601
chr11	197557	1011490	0.00153458459681666	205	0.059378191550056	0.439967424847649	5753	0.131870062069129	1	1	0	-7.11837044030624
chr11	1016665	1018355	0.269761280478853	32	0.109060425504811	0.348592350210676	107	0.0742349803307589	4	3	1	-7.26366405106596
chr11	1018374	9074946	0.00228502728460445	874	0.0584373791392328	0.505626068469912	23175	0.146675547084886	1	1	0	-6.80715763984756
chr11	9100591	9910606	-0.0017570187270679	55	0	0.402634846759195	1876	0.161249208913174	1	1	0	-Inf
chr11	9915170	18225199	0.00200850111534406	349	0.0164448460366719	0.532997211161569	11075	0.183965738094227	1	1	0	-7.40352033953544
chr11	18245809	18269417	0.140878751625268	13	0.11075336424826	0.497115882133435	95	0.259770599117247	6	5	1	-7.3725718926813
chr11	18269516	30336477	0.00303636803001517	328	0.0385674751310948	0.536292129404356	9022	0.21027117026565	1	1	0	-7.57870186311546
chr11	30408553	32847236	-0.00164935368993241	110	0	1.11345301850251	3745	0.499152981126062	1	1	0	-Inf
chr11	32847298	50339481	0.00120223980044065	437	0.0263754497657452	0.469825011313691	21506	0.186500225299135	1	1	0	-7.53820240703857
chr11	54592419	55529942	0.497893523402467	11	0.200297914481041	0.856541375934747	771	0.426496887548057	2	1	1	-6.79997265168809
chr11	55572353	56644115	0.167533024903146	67	0.147361412175241	1.99608971806176	4530	1.42697342307949	5	4	1	-6.77700282162962
chr11	56646953	56740404	0.117096778546601	32	0.142451349929631	0.952342199373654	186	0.407777252134454	2	2	0	-7.11389080241854
chr11	56741143	56971613	0.499474799985959	12	0.058572410508082	1.09475492950307	209	0.332509051628367	2	1	1	-6.7449447206611
chr11	56989090	57784082	0.178977394129892	106	0.0979632295283421	2.69786327177451	8964	1.24802129307006	6	5	1	-6.74550101598131
chr11	57790422	58108970	0.0746648628208073	54	0.0591553551652255	3.93301693775745	2290	2.81440000675136	13	12	1	-6.73982065483202
chr11	58203296	58358832	0.499489296897194	17	0.0424335986467993	1.17610226984345	460	0.334200527623215	2	1	1	-6.75693598301983
chr11	58366265	58530202	0.140124202106334	35	0.0642008665089826	4.79243698856343	1085	2.52285323564877	7	6	1	-6.73571122523524
chr11	58564284	66120945	0.0032153136017315	639	0.0183566094380545	0.445873857812199	30704	0.144093497694243	1	1	0	-8.58514734184774
chr11	66125899	66640387	0.105981390309558	179	0.0649664399150396	3.91268348649656	14394	1.6955379271734	9	8	1	-6.73866358049978
chr11	66668975	67796770	0.252681476243119	178	0.092779080368791	1.74062307623386	13205	0.644237779995329	4	3	1	-6.76177595838143
chr11	67808067	68511361	0.162719438310826	148	0.0960874848433397	2.65340346329664	7094	1.56567106397681	6	5	1	-6.73634942822866
chr11	68521099	69166000	0.112695345335326	209	0.0757604701109472	3.60385104360615	7909	1.77321608037425	9	8	1	-6.73898059632755
chr11	69184229	72703144	0.225994196736727	601	0.101769805389235	2.03569172072855	20951	0.927480413388757	4	3	1	-6.76772218593923
chr11	72711823	74965749	0.276840826609408	227	0.1011715076977	1.68848588673102	12581	0.646620591218654	4	3	1	-6.85902011941009
chr11	74995838	75864261	0.133844098855736	196	0.0741013510689646	3.5350727358796	8358	1.89766509818662	7	6	1	-6.74193465767662
chr11	75865730	76907900	0.0877453654033284	205	0.0719045271414378	5.10463155919864	9248	3.07869438935132	11	10	1	-6.73449275110933
chr11	76917698	79596233	0.109561403277532	464	0.0706995321258685	4.06889958471377	23105	2.3192132965995	9	8	1	-6.73594196690609
chr11	79601468	80437554	0.0897262708786727	74	0.0722912997889501	5.81479664584881	1869	3.87994627089508	11	10	1	-6.73332105406331
chr11	80530581	86412425	0.00287758256517107	125	0.0230040305023889	0.529802416071719	4430	0.204705148101061	1	1	0	-7.07736815778831
chr11	86421341	87481068	0.143082939458517	136	0.0762185582876702	3.41806960971927	4410	1.99158736672501	7	6	1	-6.73307977654964
chr11	87487781	107428905	0.00161516735693806	428	0.0395926871824782	0.56287352060535	16388	0.201782769905714	1	1	0	-9.53142925576815
chr11	107433511	125612818	0.0014623028594733	850	0.0277725470785917	0.475750116831924	32046	0.169308298334739	1	1	0	-7.35995667469414
chr11	125613990	125661591	0.00516962692155409	9	0.110145358504115	0.415963203520322	206	0.114508394508772	1	1	0	-6.80185619318678
chr11	125746484	134383910	0.00235502106110991	260	0.00472714987555355	0.496686670510038	9016	0.179505161209679	1	1	0	-6.87838471651576
chr12	12233	9059915	0.498891117065954	928	0.0922595087546558	0.906139099104191	33144	0.320380430568449	2	1	1	-7.14688938399658
chr12	9060355	25804028	0.498891711308787	918	0.0909962478052371	1.0708307341064	31171	0.405866627694879	2	1	1	-7.06127974583718
chr12	25804106	25804438	0.0961771437911876	11	0.0695518119494708	0.765768487475297	19	0.0811842176348486	10	9	1	-6.83863968870851
chr12	25847603	31244139	0.498868225859705	325	0.0829261988393362	1.08550735303693	10238	0.395672217225747	2	1	1	-6.89271639228464
chr12	31252236	34276724	0.498848414983316	177	0.0987808457932726	0.815766102065414	5673	0.383767982243836	2	1	1	-7.17536672606285
chr12	37431985	48347436	0.498880311300253	490	0.0923056417172999	1.09625561348165	19788	0.407695803910479	2	1	1	-7.09550829619063
chr12	48394745	51469653	0.49884618938486	270	0.105806919625665	0.791343216825601	16390	0.269342383669522	2	1	1	-7.82081530023071
chr12	51469759	57922962	0.492352897312827	734	0.088923939426951	0.910773183952132	41328	0.283139532480275	2	1	1	-7.07859707396121
chr12	57924023	108523541	0.492263302184096	1835	0.0911488937495182	1.02475437394779	77588	0.430433230526535	2	1	1	-6.89495785028447
chr12	108525389	123737249	0.498891294791135	1102	0.0924013755447643	0.776072100115372	53286	0.300128314983706	2	1	1	-10.0813802770171
chr12	123738140	133234117	0.498886315822029	676	0.0948650795844665	0.891161278683677	20914	0.346880874046573	2	1	1	-7.24229261346162
chr13	18177561	18212193	0.157087729930459	21	0.137583758039205	0.73746492497206	105	0.433891556901241	6	5	1	-6.94372464487741
chr13	18213154	41661046	0.498891548060158	1265	0.0920363295096955	0.996847461936906	44026	0.393325287888963	2	1	1	-6.73443971234062
chr13	42002840	88518638	0.00281525010860934	784	0.0433622150483992	0.545081773511351	27772	0.220883697181097	1	1	0	-9.67034917258927
chr13	89107379	114332365	0.498902275074882	1141	0.0919734983566296	1.03378967208211	36894	0.412810448682117	2	1	1	-6.8733377530442
chr14	18330642	19680240	0.498477151699268	62	0.161134880649817	0.543573324797206	771	0.223776638083416	2	1	1	-9.98606230473453
chr14	19733881	106234934	0.00250624371419034	3470	0.0349408474717996	0.475556225731418	120632	0.182724764635135	1	1	0	-8.76228233797953
chr14	106334934	106762648	0.498525179746724	35	0.135793386059406	0.533088468143481	1379	0.133859563839944	2	1	1	-9.87249080921088
chr14	106823865	106875065	0.00108190323440083	16	0	0.685131700173951	158	0.214970279610599	1	1	0	-Inf
chr15	19932762	20373427	0.267798447664157	140	0.131842965391121	0.758669689025187	1423	0.318971892158148	3	2	1	-7.87491624771267
chr15	20383310	22125989	0.498699087758367	60	0.108380116799689	1.02555353890869	872	0.338332337183636	2	1	1	-6.74257489055999
chr15	22219205	23478658	0.498703469485094	143	0.134266148749011	0.757302935577574	3164	0.309974631608787	2	1	1	-7.26138769263799
chr15	23552942	40480988	0.49887909841695	1025	0.0960936412402716	1.00568705808863	33772	0.379727530035853	2	1	1	-6.74434972186408
chr15	40491277	41506881	0.498824155139903	127	0.0993094655798519	0.718874513246209	5384	0.263612974511638	2	1	1	-7.53202196366161
chr15	41508883	46875437	0.498878202679077	455	0.0797217268983332	0.877025672958168	24315	0.290187848302127	2	1	1	-7.27200398897847
chr15	46923944	47257317	0.0610456762293217	9	0.144393559413154	1.22400817701526	179	0.614959685702941	3	3	0	-6.85872459501227
chr15	47294468	50242635	0.499112665977401	115	0.0747462710395973	1.182305885619	6953	0.381337024505275	2	1	1	-7.08214432866175
chr15	50254477	50593779	0.498997978476384	30	0.0913107930068523	0.728775040406977	1221	0.305382266709731	2	1	1	-6.93514102188067
chr15	50607091	50731019	0.497834809441082	9	0.202758751009941	0.597771557936201	433	0.263220128909127	2	1	1	-6.99758102916957
chr15	50748601	56666830	0.478515617418386	336	0.0797656248270593	0.991577978426443	12082	0.396789879150359	2	1	1	-6.77629441925211
chr15	56700646	56992174	0.000679443956714487	11	0	0.548040133313032	172	0.23278936563531	1	1	0	-Inf
chr15	57072616	62686817	0.499002424470177	270	0.0855590377851237	0.997741299267696	11130	0.374229050932696	2	1	1	-6.73364501815476
chr15	62693068	62805632	0.000223222210228857	17	0	0.595704848273381	478	0.16764622093087	1	1	0	-Inf
chr15	62838918	75301734	0.498885172162146	834	0.0861736671579185	0.931355870655779	38936	0.353095490979986	2	1	1	-6.97026065595056
chr15	75356985	78544020	0.498743346267449	218	0.106884120404716	1.26736091976391	12546	0.514745991545343	2	1	1	-7.13438424673609
chr15	78544377	83460851	0.498840262034793	307	0.0945681351616164	1.01451852134248	12910	0.372099968307078	2	1	1	-6.74284854252675
chr15	83597912	84084997	0.497851841356983	11	0.20950964395247	0.80889481730595	816	0.407644759910746	2	1	1	-6.8061869596474
chr15	84390716	101876423	0.498894451019419	1167	0.0956245425119379	0.96983086257051	35657	0.378074630756935	2	1	1	-6.77392366953758
chr16	11641	1220780	0.499159316214843	356	0.0746611875481224	0.877564087466037	10425	0.25267434752252	2	1	1	-6.90195400464221
chr16	1227615	1313877	0.185551298474017	19	0.136288200825349	0.766124205630796	407	0.306016130263912	4	3	1	-7.3280451981646
chr16	1314364	9001997	0.498888849294799	873	0.0913047904049146	0.802724096287517	32412	0.267475043611902	2	1	1	-8.77169138015361
chr16	9002780	13245245	0.368458073315056	452	0.110393134451285	1.16442358701182	12352	0.541562397809583	3	2	1	-7.27812874268531
chr16	13383944	31915018	0.0025300139149334	791	0.0861396205402829	0.39309711639748	38449	0.150688116587381	1	1	0	-13.6127123170558
chr16	32052353	35174097	0.397773721678173	77	0.161853733028992	0.504905153749248	1604	0.201649920861064	1	1	0	-9.12212468147504
chr16	36853668	46401174	0.253851354281649	60	0.119608537571057	0.502951277121445	683	0.170500313677301	1	1	0	-8.69237267982999
chr16	46401251	81812339	0.00188649756469983	1557	0.0763716827402439	0.434575450951504	55537	0.177349661153562	1	1	0	-11.561102109278
chr16	81829426	90044028	0.00285230260249231	727	0.0360363620717002	0.442350554940966	16827	0.153879777499027	1	1	0	-8.70331162558382
chr16	90092111	90096004	0.49800198513188	10	0.183571239577446	0.536123678346365	55	0.0853757904164031	2	1	1	-6.85245816774931
chr17	132129	10337865	0.498893588064932	1413	0.09611070231204	0.794766690549361	53941	0.257202572672983	2	1	1	-9.51863450965324
chr17	10338949	21290834	0.498877038851288	954	0.101745869987115	0.887134452909035	34493	0.322817170923939	2	1	1	-7.44394648678962
chr17	21290899	24421526	0.278108557563139	339	0.151629214778444	0.822065746492989	2142	0.349477870285357	2	1	1	-8.3067716347532
chr17	25920193	27000484	0.498016494614645	14	0.154930470048504	0.662994890844481	140	0.444513883877565	2	1	1	-7.22581229194221
chr17	27025086	30959837	0.498831428622918	242	0.0971373412249466	0.864973735269178	18133	0.292468425021747	2	1	1	-7.21799025242381
chr17	30971286	31411181	0.0272397709695831	11	0.14684370169426	0.447021823060898	992	0.242825327694676	1	1	0	-6.80258091319596
chr17	31418114	40329749	0.49666309357632	641	0.100821868540967	0.818227643583476	30035	0.312080338050952	2	1	1	-8.3011352605947
chr17	40351606	41591788	0.498917039491998	218	0.101934152829792	0.985851722793775	7400	0.277396260477807	2	1	1	-6.73360951757246
chr17	41598045	51831696	0.498886477480253	934	0.0941987652730845	0.819266548704672	49878	0.278451346641498	2	1	1	-8.7777145581008
chr17	52072363	58445816	0.498858094074496	236	0.0882590451544129	0.995805200255337	9949	0.389502883343074	2	1	1	-6.73332334199949
chr17	58462749	61069876	0.482193216054265	143	0.094583289853918	0.768379515548255	9276	0.296623799081615	2	1	1	-7.74191596102849
chr17	61147757	64139161	0.337025100209595	217	0.0973521592382323	1.28709132475407	16205	0.522600271942152	3	2	1	-6.87100384578242
chr17	64149692	68175451	0.499039724845504	341	0.0834220574889778	0.815365099700075	10953	0.349280220779305	2	1	1	-7.41813281166462
chr17	68182775	72935818	0.498802873698991	221	0.0918364200864703	1.04450518254212	7585	0.404614189511514	2	1	1	-6.77725718322755
chr17	72939188	81935118	0.498917591075248	1152	0.0842951014568556	0.838444982593303	46031	0.271084662609155	2	1	1	-8.32713218250824
chr17	81936254	81946415	0.497773232303254	9	0.171182975529435	0.834611448474279	136	0.247398988431894	2	1	1	-6.73613911232467
chr17	81951661	83135705	0.489691485334852	205	0.094902024284496	0.856703898445197	7502	0.256233747858503	2	1	1	-6.96729878846276
chr18	47554	2503542	0.322024830606514	217	0.129415724405894	1.34091662154083	5034	0.777751141307508	3	2	1	-6.76441689626876
chr18	2505738	3790446	0.196798328707778	338	0.105703949433387	2.18888138922433	8694	1.03303287673344	5	4	1	-6.74501271022471
chr18	3814148	7485434	0.336265348620615	242	0.0951060423321792	1.56437675408607	7196	0.695110665352542	3	2	1	-6.74452350349577
chr18	7517598	8069888	0.0114140342233044	13	0.0229623437560113	0.550595086866805	275	0.180186110598333	1	1	0	-6.98484524208644
chr18	8076327	15341512	0.341582527164307	604	0.106206264012646	1.44310382635267	20825	0.660308573984857	3	2	1	-6.74667512143549
chr18	20944392	26607933	0.311181939190825	314	0.104258967562554	1.3241887136719	16565	0.66061847758042	3	2	1	-6.86595430701565
chr18	26610327	43996285	0.32641454549182	589	0.114466676072839	1.65718763673884	25772	0.793759722659891	3	2	1	-6.91779536952379
chr18	44017888	67289360	0.332512009448575	1164	0.103179945576707	1.49484853726682	46703	0.680915726031653	3	2	1	-6.73344338022479
chr18	67371009	80261982	0.200072951305241	1027	0.105488461202503	2.59497410623067	31955	1.49251678468821	5	4	1	-6.73982342628994
chr19	282753	3434415	0.498891522402531	741	0.100488639617612	0.784317862258387	22597	0.254115899104875	2	1	1	-8.03529845166988
chr19	3447024	3550671	0.00156388983846278	27	0.00615840287135601	0.428116134443682	571	0.144713566705431	1	1	0	-6.83603256329353
chr19	3559987	15045116	0.498901387023213	2208	0.102018627353762	0.703430732988703	75787	0.230649687689343	2	1	1	-12.1744872464046
chr19	15053541	24163222	0.498890350917784	1412	0.0925992488196391	0.759219808813886	45211	0.25348594583643	2	1	1	-10.0726643906058
chr19	27646333	31934660	0.000304024647127935	117	0.0915672557971326	0.953544152329626	3974	0.421627244760375	2	2	0	-6.75679700207663
chr19	31946143	41390240	0.498883721633416	1112	0.0926330677159981	0.742494446554043	49189	0.242815611046859	2	1	1	-10.6650043655908
chr19	41391769	44494414	0.460593194932581	395	0.0841514246814088	0.846070557354356	17669	0.271266532671967	2	1	1	-7.44940295328463
chr19	44503024	51325233	0.498889979545211	1048	0.0991597681521973	0.715849187025509	45791	0.237897164213038	2	1	1	-10.5616085665441
chr19	51332587	51363787	0.0940106276310789	10	0.123138630097229	0.490717419071304	248	0.192697020094968	1	1	0	-7.06389010034058
chr19	51364954	53471581	0.49669030539522	521	0.0903390662972211	0.714699274026223	12223	0.229999336688498	2	1	1	-8.59828099789338
chr19	53476381	54091591	0.499045728579249	135	0.0873274547665154	0.549188783846315	3118	0.200692264290254	2	1	1	-8.91843288425845
chr19	54095957	54866553	0.496454912125234	440	0.124190844540467	0.744888825145036	7308	0.208596158518114	2	1	1	-7.50409752233261
chr19	54874490	55103303	0.498813788539524	92	0.116123660856032	0.628629865247445	1735	0.23002345148694	2	1	1	-7.23172970130177
chr19	55132755	58545676	0.498879396205537	624	0.0962800498719975	0.773816394325024	21045	0.251022909481478	2	1	1	-8.27884688009926
chr20	87623	6144118	0.49887205396591	639	0.0901251199564702	0.873134620472012	20019	0.308542123539269	2	1	1	-7.30680485134366
chr20	6201614	25773465	0.49887496581031	694	0.0933066975233852	1.04525683042039	26652	0.423541234409351	2	1	1	-6.90021421898058
chr20	25773519	26208565	0.0164127602681514	42	0.189099313913742	0.925311812587825	426	0.325517375166806	2	2	0	-6.74981794885536
chr20	28559285	30918325	0.498633368467481	535	0.162145760126621	0.783276530863846	2529	0.354106025706357	2	1	1	-7.30958446749803
chr20	31061398	31074275	0.479752485234233	21	0.208113304762208	0.1684856883764	60	0.135673998608079	2	1	1	-7.83320910801775
chr20	31285774	37213349	0.498858444207481	513	0.0865066705926054	0.792990894442421	26320	0.284800662552839	2	1	1	-8.39434352838487
chr20	37221478	53821533	0.498884059697318	956	0.0848232515207604	0.898389112273219	41693	0.34676551776889	2	1	1	-7.46689787259967
chr20	53896255	64208267	0.498891522402531	741	0.0859123423320418	0.955571201735629	26925	0.332387257051179	2	1	1	-6.81490192224409
chr20	64212162	64328010	0.0136203679211676	16	0.08025	0.594302480276703	307	0.298680104557228	1	1	0	-6.77533427844282
chr21	5218123	10739729	0.498681572796348	624	0.151867003829951	0.77737269449959	4000	0.396230021660735	2	1	1	-7.78872601446757
chr21	13000375	15314620	0.498730386278949	150	0.108919617960833	1.10620729964095	2923	0.423259385032147	2	1	1	-6.82203415050479
chr21	15392629	36102721	0.313485427072258	1144	0.116128567725322	1.51611098037153	39267	0.729820241449101	3	2	1	-6.75776882351846
chr21	36112128	36486659	0.350475796601744	106	0.0907040486332039	1.01538088324497	2568	0.381518565907061	3	2	1	-6.97296321392822
chr21	36488487	40883335	0.321028703400527	349	0.113563373751054	1.46985628689491	11049	0.622323511354163	3	2	1	-6.7412746345364
chr21	41120584	41922136	-0.000277325099495573	102	0.0133419878241289	0.973392430886891	2772	0.343397710040975	2	2	0	-6.73491918141499
chr21	42035848	46689753	0.325439344243766	585	0.0939615683767106	1.38808574205978	23815	0.463026408448837	3	2	1	-6.801428749275
chr22	10663052	12705540	0.262353460614889	700	0.150943050533617	0.827858279673864	3423	0.45189629302833	2	1	1	-8.13327476647699
chr22	15551143	22080156	0.326813505264516	705	0.11016572503331	1.26499698083973	28846	0.467483152179294	3	2	1	-7.17929936100487
chr22	22086938	23057565	0.340851496578712	227	0.0931794197918076	1.54792960051531	5333	0.534166274559512	3	2	1	-6.73994528670981
chr22	23060241	50782420	0.328723764964019	3676	0.104420293575138	1.26231241604796	134134	0.497712320250881	3	2	1	-8.1692385669754
chrX	267760	3089439	0.00314595742134871	276	0.0815375261376193	0.346301160932096	4118	0.149695011367311	1	1	0	-11.0886018719595
chrX	3100884	57975897	0.00122798977025768	1077	0.0256282558740486	0.48802354189264	58724	0.196156983881741	1	1	0	-6.97940772042614
chrX	62883537	96514966	0.000558314525193504	371	0.0126969014403078	0.498312409844492	24281	0.196708173636187	1	1	0	-6.74090771595731
chrX	96515014	98049622	0.00511619587354006	9	0.220479275922049	0.463764981884844	257	0.317597869779341	1	1	0	-6.77558476027671
chrX	98529806	156004380	0.000369930502340743	1100	0.0602518063525771	0.515934694827112	59276	0.187897759198588	1	1	0	-7.90653827250249
chrY	11111654	56837147	0.0712662923023627	89	0.178785171757754	0.383802158917175	251	0.329613222619931	1	1	0	-12.4797426730086
chrY	56854777	56885614	0.290968826137077	99	0.139787109536534	0.699487012625613	307	0.295438924767654	3	2	1	-6.90637792647307
