chromosome	start.pos	end.pos	Bf	N.BAF	sd.BAF	depth.ratio	N.ratio	sd.ratio	CNt	A	B	LPP
chr1	94029	121568263	0.498908087637023	8119	0.0955144499200126	0.780537184854224	322545	0.27168053502062	4	2	2	-10.3658137347789
chr1	125094663	248916508	0.169478153581758	8148	0.0937948619311046	1.12916920854695	344967	0.416789179763962	6	6	0	-7.13815212353315
chr2	41404	88992294	0.498914574648653	4293	0.091581887110085	0.858965482737437	173109	0.311432062063188	4	2	2	-6.80055918618269
chr2	89040287	92075691	0.490116691356954	124	0.138464899486185	0.857789404515276	3120	0.317867705415221	4	2	2	-6.73780276599558
chr2	94194584	104771794	0.498862784764232	596	0.10193681394649	0.854724240032765	27417	0.286795316537006	4	2	2	-6.73605330699978
chr2	104823808	242183350	0.404697716416769	5744	0.103363228341483	0.698623814751927	227616	0.236972620760446	3	2	1	-6.74189348052596
chr3	51248	90220908	0.498919776309522	4303	0.0895073743351473	0.85902904156094	188506	0.2995838991012	4	2	2	-6.80789468333389
chr3	91451656	198120733	0.498919295162099	5380	0.0922928694017437	0.858959516144443	192196	0.310424379511392	4	2	2	-6.81423019193231
chr4	46281	3485708	0.211970090702847	463	0.111914986064104	0.548840448962418	14608	0.177498550420857	2	2	0	-6.74129290576897
chr4	3491060	5811051	0.498643272587372	173	0.132987026182812	0.712587977389221	3790	0.319837561698481	3	2	1	-7.10021974753694
chr4	5813454	8975058	0.499089586515329	341	0.0854413766421442	0.854465748842757	9685	0.291567136741167	4	2	2	-6.73386956880496
chr4	8981455	9119429	0.243556070602939	94	0.122301045137519	0.881926464543204	728	0.35577763516394	6	5	1	-6.78020617805524
chr4	9119536	49091773	0.498883299509681	1595	0.0947835183721043	0.855098671266356	52110	0.31875151307949	4	2	2	-6.74344520733835
chr4	49092084	49711644	0.379793812701675	186	0.134740448502505	0.911386143670524	1818	0.335783615749597	5	3	2	-6.82717467562006
chr4	51848345	52364711	0.364935818296917	23	0.0910540820051598	1.17581793503986	1113	0.419060806430665	6	4	2	-6.73506399734217
chr4	52400933	56731383	0.0879995495316102	897	0.0679874670294233	4.32062381539824	35018	2.80755615154778	20	19	1	-6.76106424348341
chr4	56738551	57685495	0.0532931492553847	447	0.0545634792946715	7.57692114641682	12814	4.94311217790303	15	15	0	-6.76474209562239
chr4	57685566	59267575	0.0936499758400289	124	0.0815447888173595	3.91118422611239	2623	2.88428634293105	19	18	1	-6.74178920821542
chr4	59300161	62585175	0.192194278820696	63	0.128546108048907	0.893696676713691	1405	1.08520817267676	4	4	0	-6.81660707013018
chr4	62615326	62874800	0.167023992444537	26	0.08580049309523	2.39123386731746	363	1.31245957868068	15	13	2	-6.73369228440425
chr4	62878001	63735549	0.0700939655174101	65	0.0574359090974118	4.79567668165886	1495	3.16929813179058	20	19	1	-6.7757772537598
chr4	63766931	64148803	0.0132662581547581	66	0.0162993342921819	20.6119934355276	2964	13.0417738227535	20	20	0	-7.85990877108917
chr4	64171074	64409219	0.0896010967650771	29	0.0571008527884003	4.85224885521918	717	2.78683365137797	19	18	1	-6.73707875591873
chr4	64416780	65136484	0.227961101634931	34	0.126460705993711	1.8377058772819	800	1.11781584195	11	9	2	-6.73438445298152
chr4	65324037	68996952	0.199574984308512	88	0.0983305733013289	0.53921418788569	3354	0.181879882690624	2	2	0	-6.79036930957778
chr4	68997456	69804546	0.0923192017268046	56	0.0850109064813405	3.8021514465485	4003	2.44336188222779	19	18	1	-6.73777574256069
chr4	69840784	70480984	0.387829170419482	54	0.0953046752897017	1.2055197206371	1633	0.543230200329273	6	4	2	-6.75904102672857
chr4	70491394	70522032	0.0772830701174242	14	0.0436006477419371	4.21676222385785	224	2.29192954117286	9	9	0	-6.73634248247344
chr4	70522662	83308139	0.208653388849492	566	0.117700549689049	0.552863646289653	18508	0.203699195522254	2	2	0	-6.75877028654611
chr4	83308744	189975648	0.498911794301897	3776	0.0903796861985521	0.852373242820248	137012	0.316355729073201	4	2	2	-6.74062776228002
chr4	189982604	190179679	0.323459688961589	29	0.146261911644931	0.794805368927273	334	0.262202573686323	4	3	1	-6.74064722500456
chr5	36514	404486	0.150014690974216	36	0.136949266472302	2.71271938020614	3243	1.71995111068176	17	15	2	-6.73316635717451
chr5	413658	840391	0.498406005137049	57	0.141999155015312	0.885184511539213	2260	0.848102448001383	4	2	2	-6.73370952855286
chr5	843508	1115861	0.29828063299846	47	0.0881389083211098	1.42300340323496	2196	0.407166319766191	8	6	2	-6.73606091047549
chr5	1125581	1312820	0.162345135075775	73	0.0961109973956973	2.8123723752292	2613	1.05721808309797	16	14	2	-6.733772935986
chr5	1320607	3098389	0.203145306782127	88	0.12664958981296	0.57963890661956	1882	0.197443354454877	2	2	0	-6.83563934581562
chr5	3133938	4830577	0.151387937352629	139	0.109121977551625	2.51556246017089	3175	1.86406209182924	17	15	2	-6.73658808926579
chr5	4864112	6693083	0.207372539624461	71	0.107947936254705	0.546628486551636	1791	0.213070529009427	2	2	0	-6.74914630865441
chr5	6725191	8278696	0.143862441486742	119	0.099408673972159	2.9407299968153	4018	2.23055737474141	18	16	2	-6.73304440269544
chr5	8335371	10962609	0.248916211885999	69	0.112650407176358	0.931334221801798	2994	0.728798098381232	5	4	1	-6.77761832924378
chr5	11028784	11831541	0.208596648005716	31	0.0984292442774619	2.10892159813247	1662	1.04172126996952	12	10	2	-6.73355664429165
chr5	11858656	16720705	0.296901108187372	312	0.103099120022164	1.45216774837968	10843	0.66545284854981	8	6	2	-6.73414649390185
chr5	16723222	16809047	0.156114703576598	37	0.103604591652163	2.36409488044155	961	1.33961682136612	16	14	2	-6.73418016012864
chr5	16811643	17354512	0.217276515812242	123	0.12591069294925	1.82965929930376	3110	1.03665694594519	11	9	2	-6.73476473359103
chr5	17392188	19028865	0.170194232812087	31	0.109836966180721	0.568210738011234	527	0.251083801382958	2	2	0	-6.8991040070793
chr5	19197482	19828672	0.279512966488071	39	0.0998173027441911	1.59342790533067	780	0.886594796102419	9	7	2	-6.74577865092558
chr5	19839952	22204254	0.0831405614166389	262	0.0942800256994206	4.36057016380972	7751	2.81699415351598	20	19	1	-6.74814485824442
chr5	22257807	24813165	0.233740901373047	157	0.100327566961783	2.04073760445009	4010	1.247097159132	11	9	2	-6.74457899883572
chr5	25154172	28226401	0.182637916568609	28	0.133194784166275	0.5579941112411	993	0.258037135120872	2	2	0	-6.80208052857637
chr5	28449872	29363941	0.126069570540894	81	0.0898011245770822	2.97715113953369	1209	2.6271658326285	20	18	2	-6.7349890880057
chr5	29396541	30124301	0.287105349272663	24	0.152245362367196	0.589816771466941	252	0.250603740828969	2	2	0	-6.8685474062561
chr5	30210798	33812008	0.166418530196418	619	0.0873978686228133	2.58283062406439	18968	1.58454359677072	15	13	2	-6.73448609955465
chr5	33881147	35184256	0.216407910990659	70	0.111937663812097	0.584845001103473	2443	0.300088291015143	2	2	0	-6.77303023773165
chr5	35221949	37213624	0.232763490785669	189	0.110171398657124	1.72961604177585	8284	0.815136475701953	10	8	2	-6.73776101301384
chr5	37224383	37608985	0.123121420761504	142	0.0696839451564431	3.48983554182909	4951	2.10305867751616	20	18	2	-6.73954625816579
chr5	37610180	41149133	0.209893991549116	350	0.0956401584583944	2.02268509950016	12615	0.894086885427768	12	10	2	-6.73438556853606
chr5	41149808	46381425	0.308346555102213	146	0.111723103122741	1.41292334593183	7999	0.748495715984908	8	6	2	-6.74937712276395
chr5	49599598	49661095	0.405422041055566	52	0.135279934334269	0.991115873847989	604	0.335257893609047	5	3	2	-6.7451632286511
chr5	49661122	132204171	0.498906566132481	2992	0.0890138243859629	0.858935564465183	107192	0.323288743831383	4	2	2	-6.79093050352257
chr5	132210587	133089773	0.21366844464496	50	0.131049155756494	0.553659571351859	3344	0.169887817220186	2	2	0	-6.73941698050483
chr5	133098957	181281814	0.498907820597381	3137	0.0894660303340546	0.851061097015238	124941	0.303723497210193	4	2	2	-6.73423689098685
chr6	142951	58316224	0.498932360096173	4882	0.0845641960857399	0.857943159462548	167978	0.296777927411104	4	2	2	-6.7720474531989
chr6	60491023	111634647	0.498875102636023	1641	0.0964063798200353	0.867072508026969	66419	0.336838664616515	4	2	2	-6.84496398165707
chr6	111641915	170736839	0.381414169164802	2386	0.102739111192751	0.710195504333638	86469	0.252573190219234	3	2	1	-6.88294046709826
chr7	37991	58100284	0.427390386982935	4211	0.0961732387128202	1.05600635340357	137103	0.405764658912671	5	3	2	-7.30086406525104
chr7	60981490	159316121	0.405829060837306	7320	0.098398850191631	1.05453913411439	275068	0.393150491472242	5	3	2	-7.66983881671552
chr8	223619	43829243	0.323704343823771	2753	0.106425236349558	0.830954133712962	85636	0.306214544380764	4	3	1	-6.86543503544976
chr8	45952323	145072669	0.443577541840693	4465	0.0926662313577117	0.98453614320201	170126	0.363402431355861	5	3	2	-6.86761545745402
chr9	103776	42975562	0.388374131967778	2040	0.113692188936885	0.691078669942789	60520	0.287490786868803	3	2	1	-6.77133965831176
chr9	43038706	66635859	0.374006575015739	186	0.138044745177156	0.799695164314437	2353	0.333351240196173	4	3	1	-7.24683201443755
chr9	66635998	138177044	0.498919442944389	4834	0.0914531019586629	0.84525775112584	193939	0.295295663149875	4	2	2	-6.74516822849877
chr10	48874	3554755	0.217607458516249	136	0.118158012211078	0.544796950411867	4286	0.191776730816143	2	2	0	-6.73738603624043
chr10	3659860	11946926	0.37129981965603	532	0.104019513630069	1.17588702880655	18958	0.479314849071417	6	4	2	-6.74329907699184
chr10	11952290	15443592	0.29615731586861	596	0.109879802306088	1.51903584337118	18842	0.683084589534217	8	6	2	-6.74276124876988
chr10	15467178	17541742	0.332613639446231	201	0.100233468010704	1.27433962256488	6281	0.539786568373924	7	5	2	-6.73730863583203
chr10	17542365	19729973	0.290350925394792	232	0.108013417421338	1.49061160598559	7222	0.738578112430267	8	6	2	-6.73488830062723
chr10	19765516	22119167	0.499047658566086	108	0.0968796665040269	0.883735743591325	4065	0.350252091918022	4	2	2	-6.75105186541757
chr10	22135299	23736701	0.261113875401978	158	0.110813013795516	1.81015301686607	5861	0.939947468818742	9	7	2	-6.74977150077898
chr10	23737502	26350873	0.217820969004667	90	0.102370535150093	0.547021337164394	3453	0.200321037328857	2	2	0	-6.73611311317197
chr10	26367300	27401474	0.280755605612978	168	0.116716178595256	1.38964247992196	5224	0.68688080193006	8	6	2	-6.7416064840593
chr10	27403133	28332892	0.498810092135556	42	0.11256603688368	0.724438045362765	1475	0.283871806361487	4	2	2	-6.90360954195947
chr10	28351109	34867604	0.21604284745605	308	0.114256488474067	0.54591913674436	8839	0.216072249364435	2	2	0	-6.73796854983301
chr10	34873236	35054597	0.0259682669306019	145	0.0321103998383355	15.6509326161237	6645	10.5794376804376	20	20	0	-6.81599960198264
chr10	35058052	36315181	0.048434003480393	329	0.05672184293624	7.76607309049711	11573	7.19949549462307	16	16	0	-6.7504903126045
chr10	36438285	39475690	0.263429877137029	72	0.131520111429717	0.560857773844385	2857	0.252644000489568	2	2	0	-6.79905759631701
chr10	41859741	133787182	0.381010226088293	4583	0.104858535521697	0.699990127598339	173753	0.243498584456297	3	2	1	-6.74274739429474
chr11	197557	50631351	0.49892551627001	3373	0.0868063370954337	0.843641047055929	123476	0.277255196523741	4	2	2	-6.75163327571166
chr11	54568643	56015518	0.343450669784549	103	0.0963480685541035	1.25867812095851	2926	0.433415484471261	7	5	2	-6.75713512822443
chr11	56015679	56971203	0.296413529797527	117	0.105103040539096	1.64974846603034	3788	0.521331758087746	8	6	2	-6.76796693303516
chr11	57018744	57910795	0.498993354338449	83	0.0968282786437271	0.852420414396198	4825	0.363175613285133	4	2	2	-6.73314384624285
chr11	57917477	66616617	0.220533821649907	859	0.103999577691532	0.549432490459055	44109	0.165155396804167	2	2	0	-6.73537583541131
chr11	66638420	66975689	0.498798183882389	39	0.109271739669589	0.862209185879554	2961	0.416750600957033	4	2	2	-6.73336105636512
chr11	66980201	67235214	0.131875109820703	84	0.088305963566324	2.9557798872318	4032	1.72517515836583	20	18	2	-6.733728253336
chr11	67246189	67365009	0.499410891292515	15	0.0506258921144206	0.858506690507979	1334	0.246363770225313	4	2	2	-6.73324292401411
chr11	67375774	67949932	0.129670209722693	238	0.0899860886631458	3.21284848663498	11962	1.4436533971451	20	18	2	-6.73309110787908
chr11	67951354	68487530	0.0944013924245622	276	0.0652831767154091	4.2501091631612	11520	2.63921265595988	18	17	1	-6.73953527829941
chr11	68493825	68742819	0.357968500575148	20	0.0760930870364506	0.856360771416187	878	0.272604714514162	4	3	1	-6.86020177629048
chr11	68752210	69149071	0.108196125726758	217	0.0758772310951626	3.7196560162999	7154	2.10477383470284	15	14	1	-6.74150526655949
chr11	69149266	69712993	0.0683717418841651	144	0.0560048629812151	5.318141990401	5882	3.48058604823757	11	11	0	-6.76484164890963
chr11	69764517	70190915	0.169877259467799	112	0.090724258982665	2.34265745709475	2783	1.37281150314612	15	13	2	-6.73367231417395
chr11	70192112	70227560	0.0443046753980552	13	0.0479350522141077	3.87421821463743	610	2.63273454658365	17	17	0	-6.73338937715726
chr11	70250479	70882043	0.282176218108603	115	0.0961673852206028	1.5604844118287	3901	0.606203827379944	8	6	2	-6.74519244482348
chr11	70885043	71119367	0.1393386087652	41	0.063559641666552	2.69777581725281	1528	1.34012120336631	19	17	2	-6.73575618715848
chr11	71126968	71596040	0.394575285287883	93	0.104199638914361	1.11982121872124	1931	0.37736260808832	6	4	2	-6.77030516239132
chr11	71620080	72695252	0.213560955383164	235	0.116937790646357	1.82044939737031	9258	1.00930940913965	11	9	2	-6.73824189226981
chr11	72696725	75500151	0.498755305332583	311	0.107829042259159	1.17115363192032	14133	0.570010533498307	6	3	3	-6.73468871432491
chr11	75526877	75577107	0.127746825998835	30	0.0732029457355906	3.35894564101244	745	2.05468941921627	20	18	2	-6.73373867415654
chr11	75581238	76327024	0.40238047232885	34	0.133224152044804	1.54841899412342	2395	0.868731124023691	8	5	3	-6.73674416408455
chr11	76332774	76959883	0.134158485238313	138	0.0859384855857431	3.10400338334446	5495	1.65507787938362	19	17	2	-6.73350026968748
chr11	76962382	77617695	0.101468425388122	231	0.06139827309475	3.97475486910926	9740	2.32695602773816	17	16	1	-6.74420202268934
chr11	77619342	77901738	0.154732432730591	82	0.104287129983891	2.68744058764955	2888	1.5213615907743	17	15	2	-6.73385299446352
chr11	77903724	78135711	0.0818432812767238	205	0.0538864127645483	4.61397140674632	4590	2.91382581096152	20	19	1	-6.73599550821408
chr11	78135840	78596511	0.0568327490395065	183	0.0455827285692501	6.72613189131464	7889	4.47670616906309	13	13	0	-6.7503749139661
chr11	78603456	78814488	0.130463246914458	49	0.0792962884411636	3.00579329474728	1835	1.75269056130565	20	18	2	-6.73330730830647
chr11	78843449	79999245	0.0728670830901402	133	0.0662312019526932	5.19797459458835	3969	4.24964806606051	20	19	1	-6.75837443480102
chr11	80026720	81863355	0.179445316540786	102	0.114394113914959	2.35744330981663	1984	2.43139887107257	14	12	2	-6.7330581659665
chr11	82025623	83980415	0.220961073867176	38	0.11046215149647	0.985259386049608	2823	0.865081137022304	6	5	1	-6.78502906401388
chr11	83994472	84644465	0.162667920994977	40	0.103166979412144	2.44127524893478	1188	1.709637080549	16	14	2	-6.73446020692898
chr11	84645762	85745660	0.276631684847149	32	0.081212981641464	1.39160829120376	1934	0.687213933744595	8	6	2	-6.75825936103995
chr11	85776129	88218479	0.0714322231084042	522	0.0593832165188952	5.4162828585565	17299	3.68893886932279	20	19	1	-6.78752764707116
chr11	88249689	90566743	0.187186745772299	155	0.10080489311908	2.03585382478172	5665	1.3962361974464	13	11	2	-6.73930826990159
chr11	90627002	91690238	0.102811993063062	76	0.0846870938198326	4.55179926770711	1873	3.97317416907184	16	15	1	-6.74470868258792
chr11	91742598	102047872	0.21178061409121	261	0.122437036755014	0.540972831712061	9602	0.1749903141522	2	2	0	-6.77379874727585
chr11	102150056	102473061	0.183993111520344	19	0.153418912045091	1.87652240973632	1505	2.05552899571343	14	12	2	-6.7357690678558
chr11	102524926	102747837	0.0610614556593594	92	0.0448633908813859	6.24770099951933	3166	3.70855475590535	12	12	0	-6.74536373802449
chr11	102771945	113989703	0.209957130461335	405	0.108590077306252	0.585538995259488	16878	0.293850951614724	2	2	0	-7.06796576337813
chr11	114000161	125249801	0.498899403121429	1013	0.0823407544532244	0.844385900225764	36809	0.289223802416737	4	2	2	-6.7360264282374
chr11	125310208	134788362	0.208631307946917	349	0.116933272193595	0.542219786690209	12410	0.187006813918756	2	2	0	-6.76321651888099
chr12	12820	34309738	0.170151010740177	2365	0.107504043126873	0.680490556448584	74846	0.234565147747667	3	3	0	-6.98638016667263
chr12	37420043	133226507	0.448684134986734	6645	0.090485780817401	0.989461218164453	294645	0.363410391196635	5	3	2	-6.82500974857899
chr13	17742959	18317719	0.46160509261785	34	0.138465698114613	0.298422707250497	282	0.129920220417395	0	0	0	-7.44249806248859
chr13	18318416	114353899	0.391713931896143	3532	0.105096272838918	0.69352368328594	114044	0.273820716170469	3	2	1	-6.77597259373212
chr14	16098225	16098268	0.167	1	NA	0.316	2	0	0	0	0	-Inf
chr14	18296555	106874913	0.391101320685216	5195	0.100182418517894	0.694939945067281	185543	0.240985582968894	3	2	1	-6.76026537133986
chr15	19858910	66328898	0.213821617993047	2814	0.118436620711442	0.549517516284213	97413	0.191344976883716	2	2	0	-6.74391789193456
chr15	66340813	70565682	0.498946684417091	305	0.0853662284986043	0.996553674996298	11979	0.385659163394351	6	3	3	-7.06710833898618
chr15	70570052	93267180	0.337780997561242	2258	0.102754284896754	1.28582053376355	99550	0.511841022066334	7	5	2	-6.74819885717247
chr15	93275945	101954215	0.347215880456954	645	0.0992770908977481	1.24029557692601	17515	0.496670977756035	7	5	2	-6.80821239390577
chr16	31639	31601956	0.498915399959039	3486	0.0924856001618858	0.798291174767498	134752	0.273615110359564	4	2	2	-7.57842309394307
chr16	31603118	36104316	0.419276950495073	165	0.116905914122583	0.760925413674566	5037	0.282203911975168	3	2	1	-7.00199712751692
chr16	46386256	90095932	0.407683669001948	3019	0.104485140335	0.643437217305989	108431	0.218039272876767	3	2	1	-9.17956154894154
chr17	137603	25074523	0.391499567797262	3057	0.103799292771203	0.705408742375061	98035	0.240098743810053	3	2	1	-6.75634267487614
chr17	25920193	83194874	0.498929182938428	5759	0.0906239531611789	0.86659623264129	258829	0.296146781711115	4	2	2	-6.88556135467769
chr18	47554	14124428	0.498881400266434	1112	0.0916113913699145	0.852775575628668	29581	0.306819208387686	4	2	2	-6.734484371519
chr18	14132941	15350104	0.498628368276932	78	0.159830794749895	1.44161635066389	2014	1.85586016182633	8	4	4	-6.73308545884836
chr18	15350153	15379034	0.112309656926314	11	0.1336824595824	3.65653844313006	74	4.25906095743776	15	14	1	-6.73347192976303
chr18	21006644	80251092	0.498898733958463	2152	0.0921645715889074	0.845842711127254	81228	0.316367781408011	4	2	2	-6.73955898015921
chr19	263151	24394098	0.444293537688246	5409	0.0958756548433829	0.763121113696593	179548	0.254757044087399	3	2	1	-8.27306057727231
chr19	27392072	58572275	0.498900600240313	5612	0.0924675238845542	0.756676692298858	197795	0.243087421341248	3	2	1	-8.97943328188942
chr20	173008	26271014	0.315337634690169	1335	0.106980836647718	0.862119165487939	52486	0.309482313375325	4	3	1	-6.77136912598107
chr20	28559245	31061180	0.315457249346257	836	0.128078543490241	1.25868357184024	4720	0.62519995179883	7	5	2	-6.741650292489
chr20	31061290	31075776	0.207813459973016	66	0.150118496318951	1.81511086231849	514	0.810604832240671	12	10	2	-6.73326875701148
chr20	31075803	64281456	0.393325488146539	3927	0.0974543893802391	1.47809056308813	182455	0.610216895164061	8	5	3	-6.75010156003759
chr21	5218301	10737112	0.498733161303131	772	0.134297773540682	0.830304489706653	4852	3.03842002458658	4	2	2	-6.73326960483647
chr21	13000143	13035101	0.0355829138349328	68	0.0389793708525832	8.76176058816264	695	6.28523301039853	20	20	0	-6.73551543201354
chr21	13036261	13853424	0.0282109249326773	204	0.0266107136895595	14.9297996987958	8262	12.2740007054696	20	20	0	-6.81770822438738
chr21	13853476	13861701	0.434275170206457	17	0.209105834447535	18.492449797036	275	11.4054411211475	14	8	6	-6.73323378892416
chr21	13861721	14102730	0.0306013638135865	150	0.0465980364633225	14.113790234778	4275	8.23149186462948	20	20	0	-6.75195273480233
chr21	14181709	20539821	0.168524514914838	186	0.121960130049573	0.722170249349003	4876	0.292105916205908	3	3	0	-6.78379915257001
chr21	20545070	25735200	0.498715541343579	260	0.122208572994432	1.49881367677973	5725	0.805237067136589	8	4	4	-6.73786651624285
chr21	25751821	38286170	0.337337041587192	659	0.111101873361119	0.884374599642783	28045	0.438165413825515	4	3	1	-6.80650469393835
chr21	38307849	39903541	0.427260961099869	110	0.0906433538545344	1.16118643002855	4557	0.512717617309449	7	4	3	-6.79615530311291
chr21	39914306	46692843	0.317969860438145	757	0.0969870021413129	0.865994247252796	25149	0.277397194927231	4	3	1	-6.7539746715917
chr22	10685457	12705629	0.443398439174102	575	0.123847577861011	0.675368217932973	2807	0.263580195736714	3	2	1	-6.85415695751311
chr22	15343050	15690598	0.332242758011135	13	0.0799616093782446	0.66393350429586	333	0.214187697474125	4	3	1	-7.00580773089528
chr22	15721321	20667904	0.211729135644602	388	0.11320499956508	0.550582939598199	13924	0.211266884280977	2	2	0	-6.74269358897461
chr22	20668115	20736456	0.0430078263169797	48	0.0466583278390642	8.79552880979258	2380	7.85181878932151	17	17	0	-6.73411686163292
chr22	20737599	21023669	0.0358439188460547	175	0.0470344645324977	12.4755195589333	19050	6.29128877861925	20	20	0	-6.74188080783266
chr22	21030227	22004675	0.498580978467887	105	0.0940784101308438	0.909985874447492	3885	0.811920875927891	4	2	2	-6.73736558545075
chr22	22018174	22533831	0.0585179162510103	312	0.0520526355077515	6.36682020589351	10154	3.62901907304726	13	13	0	-6.76082680002099
chr22	22535987	22580176	0.0811644694708171	9	0.173087004454728	2.38483946806381	456	3.92824283228611	20	19	1	-6.73336273999896
chr22	22580362	23187501	0.0796681436513221	270	0.0586650524542297	5.51777922024145	11276	3.19612367658466	20	19	1	-6.7462006003159
chr22	23194333	26040755	0.227212462590735	401	0.123492564871549	0.543723613225579	10230	0.294652396386983	2	2	0	-6.73444948353872
chr22	26189838	28123656	0.498618889983572	111	0.125984763713557	0.690720788519695	3668	0.272053428293809	3	2	1	-7.13561242533433
chr22	28401330	29212287	0.498722660232153	109	0.107529313105917	0.994690583350882	3141	0.464094240867348	6	3	3	-6.78078710147214
chr22	29225139	30870559	0.391506592912875	176	0.103680191974129	0.714654790126973	9019	0.25804984260179	3	2	1	-6.74055833056511
chr22	30889693	37232953	0.217267362746332	555	0.118607815978219	0.562568444316527	17611	0.204073018451029	2	2	0	-6.79753612477224
chr22	37240909	39319509	0.375414643625556	452	0.104999918498263	1.21688902242237	18685	0.492012833722315	6	4	2	-6.75121949103501
chr22	39364167	39673923	0.215154330256787	40	0.0996159258969553	0.547941094664695	1502	0.163711359866632	2	2	0	-6.73888538064285
chr22	39803887	41554667	0.338845262543069	187	0.101128225269032	0.809390679768276	8977	0.385882400136085	4	3	1	-6.76493158457846
chr22	41554893	43434990	0.498849691556161	401	0.0933363332776989	0.852179833982296	10734	0.307355911054426	4	2	2	-6.73324331375063
chr22	43502770	45371541	0.225776319479628	150	0.119402745613136	0.552780890414775	4638	0.203198229343625	2	2	0	-6.73507290135962
chr22	45402201	46018163	0.499096055130256	39	0.0937038649415981	0.798444663902518	1879	0.329479845537815	4	2	2	-6.74611421544025
chr22	46053930	48707687	0.24491587841781	222	0.104120580421034	0.563556385702259	4718	0.212415884210663	2	2	0	-6.78229916370193
chr22	48835265	49497968	0.0326264252211094	401	0.0568879169925444	12.9659101805298	9544	8.70961046427729	20	20	0	-6.74798779115187
chr22	49543536	50808384	0.220720164701317	268	0.101636673303318	0.550693320393781	8563	0.207697928898146	2	2	0	-6.73450515494034
chrX	255805	49346325	0.389936505106464	900	0.10710225375136	0.929492079246812	47888	0.409397277510186	5	3	2	-7.61598700409325
chrX	65956689	156010156	0.498543167660795	68	0.14590996297674	0.858514020538932	62606	0.629686434251797	4	2	2	-6.7483844743026
chrY	3066285	10098823	0.0513116197621601	17	0.143576429738556	0.483860402394106	908	0.611406209302442	2	2	0	-7.67336751536625
chrY	10796688	56884104	0.344762937986028	271	0.127151323070543	0.397438368811607	3390	0.293764743304033	1	1	0	-6.77669904016726
