chromosome	start.pos	end.pos	Bf	N.BAF	sd.BAF	depth.ratio	N.ratio	sd.ratio	CNt	A	B	LPP
chr1	87190	16456329	0.168817418025595	1418	0.104168538860712	0.557025393043264	50320	0.176975897365741	2	2	0	-7.86213340922503
chr1	16476772	16947843	0.484479113228424	168	0.144834839888239	0.510624761841723	2082	0.168934699132342	2	1	1	-6.74427912518469
chr1	16970387	35534588	0.165409487888115	947	0.103208893194419	0.54734595058114	56915	0.185515595743614	2	2	0	-7.41161846905363
chr1	35563657	121335235	0.498927940039146	3833	0.0842620308005024	0.89003793997089	187778	0.30493963855365	4	2	2	-6.86868458942321
chr1	124514180	143352108	0.200462123369324	17	0.147438746005009	0.377894212886113	399	0.2061544214492	1	1	0	-8.50231615903207
chr1	143542957	143884651	0.499262253833478	12	0.0829083100707515	1.01738823216456	600	0.444993054362333	4	2	2	-6.75614662355447
chr1	144104296	145608293	0.0634407071017732	30	0.0675601817709184	5.35979139338817	2423	4.41579452727157	20	19	1	-6.7453046649655
chr1	145737064	146228533	0.499058180289821	24	0.0912309440098453	0.913262109054893	3065	0.289866387497095	4	2	2	-6.73915747009345
chr1	146530120	150853154	0.094424024563135	158	0.111917515676709	0.51583898451449	8598	0.195095586775607	2	2	0	-6.94026173743714
chr1	150855831	151300530	0.205094876314643	71	0.104545697266322	2.16744805445121	9747	1.04690281437447	11	9	2	-6.73334214062165
chr1	151323376	152309604	0.332780457616904	73	0.0905234818212104	1.47339216867239	8629	6.492846676881	15	10	5	-6.74687842599873
chr1	152909659	159713648	0.104406540831585	416	0.0764077914653816	0.500502753384973	28028	0.149328389560857	2	2	0	-7.32829783170321
chr1	159765212	160263634	0.133123627423204	102	0.0751140438828148	3.04788770433021	9408	1.22110185147197	17	15	2	-6.73562694735663
chr1	160269293	160960774	0.0424425585828417	127	0.0311210468984415	7.96142273122947	16390	4.88223974268292	10	10	0	-6.76773310011022
chr1	160962417	161570409	0.0653983958662556	326	0.0555359693228336	6.96467233439692	23592	3.60682336275207	20	19	1	-6.74863358788938
chr1	161572445	161599779	0.498745108826094	13	0.203665795877109	8.34370635065512	790	3.82106707475191	20	10	10	-6.73378887015822
chr1	161600348	161642566	0.036465657219954	56	0.180686637687907	10.3977377613474	2143	4.85692522961813	13	13	0	-6.73538025459383
chr1	161645605	161650475	-0.000222119909285917	10	0.203033549499146	13.0753452478064	85	9.14130727756469	20	20	0	-6.74057195446713
chr1	161653235	161798259	0.0387776436393228	74	0.0375953065083265	9.96033691533117	4418	4.98304854305613	11	11	0	-6.7415903541519
chr1	161829119	163180946	0.0807674145708512	216	0.0690155526792904	4.83586966532324	11362	3.87262326964696	18	17	1	-6.74144438348315
chr1	163281094	166439709	0.115281667453813	44	0.0884675619294557	0.468877058791353	2045	0.179417017833748	2	2	0	-7.48340846217882
chr1	166472365	166849329	0.107836348518812	37	0.0719337574819046	3.66240869883676	1126	2.01038425335814	13	12	1	-6.74231014385811
chr1	166857536	179382377	0.112214643245514	380	0.082909124470276	0.490238733235164	18132	0.155408797679977	2	2	0	-7.92568520544719
chr1	179776241	182734194	0.498778254793867	179	0.102716942721314	0.998525777388265	8180	0.421940046025228	4	2	2	-6.89910547363
chr1	182784358	184051687	0.170384764990364	127	0.110617277028739	2.06994657650911	8850	1.03962705789291	13	11	2	-6.75737611829114
chr1	184174980	184251122	0.0468480365571421	20	0.0396607654463384	5.80277129944103	442	4.11123505302025	9	9	0	-6.73695628702329
chr1	184374385	185166613	0.218563564000916	51	0.102990751536052	2.03166901004946	3628	0.880879134482832	10	8	2	-6.73730563371934
chr1	185175522	188436796	0.348822887968616	103	0.0823109756147005	1.09080956432474	6682	0.533206494453071	6	4	2	-6.83601466944892
chr1	188436816	197172123	0.157481555864129	421	0.107362666542778	2.35253528738344	14490	1.35753370310379	13	11	2	-6.76017242474376
chr1	197199495	197840964	0.144731778262723	20	0.0924577286058195	0.4876503095598	794	0.166932695494975	2	2	0	-6.81079329475636
chr1	197894620	199778127	0.0818104118456396	145	0.0805991708455873	4.49843551646832	6972	2.81958955738268	18	17	1	-6.74675778655191
chr1	199787871	200143875	0.227963129673724	68	0.117225718014451	1.97030596609345	2083	1.00449436755647	10	8	2	-6.73328418108083
chr1	200155870	200287521	0.441288818135578	11	0.116436092498691	1.17443174154276	317	0.464289504727359	7	4	3	-6.74585724641571
chr1	200295797	201305403	0.149854528234974	228	0.0922538794157408	2.78340894028242	12950	1.28402380138485	15	13	2	-6.73496837683011
chr1	201314230	201349955	0.260641859289972	21	0.0755007410875013	1.56876826337276	397	0.344528760245258	9	7	2	-6.75090319298541
chr1	201350166	201978306	0.134814438584001	205	0.0892967816219288	3.37855029494236	10219	1.76489867307722	17	15	2	-6.73409783048743
chr1	201980122	203372182	0.0601367362300274	504	0.0455112985369414	6.69132496276796	34667	3.69981617316844	20	19	1	-6.78346036511583
chr1	203372218	203407895	0.128978434642767	17	0.105013129431234	4.29702277560386	241	2.52403107745908	18	16	2	-6.73334929076317
chr1	203411838	205394235	0.0664625134121777	887	0.0495940510782468	6.13960070715743	45540	3.57464743681257	20	19	1	-6.75993657136587
chr1	205395356	205702320	0.223763254495095	68	0.0996190108473903	1.89890521949698	2615	0.976590414762855	10	8	2	-6.73336998943858
chr1	205720679	206867269	0.0965818213966938	53	0.0982532346195663	0.516279217282337	2753	0.194097041771436	2	2	0	-6.9749518396936
chr1	206995845	207071712	0.465794826045563	14	0.026398155946252	0.851526224118865	477	0.209581551545115	9	5	4	-7.45176584824931
chr1	207096574	213242035	0.126273134722106	220	0.0819264996756697	0.871382842893177	10091	1.03352471306682	4	4	0	-6.81801702102227
chr1	213425973	214153329	0.24366461800443	10	0.0874187877086181	0.763294757066828	436	1.20783157279089	5	4	1	-6.76507499674016
chr1	214245464	214436479	0.499334465820711	13	0.083378193053838	0.933162580860732	716	0.254476458832202	4	2	2	-6.74011621472328
chr1	214449302	219200688	0.119337792932053	139	0.0741513547940124	0.524764294454795	4162	0.775495914615512	2	2	0	-6.90842529042262
chr1	219262673	219410748	0.18267239369693	20	0.0958251010956941	2.1716260038262	228	1.74704293742173	13	11	2	-6.73546277309025
chr1	219411806	220053197	0.0467304507799253	142	0.0399642958222133	7.91853341844041	7463	4.48045933484108	10	10	0	-6.77591399856975
chr1	220055316	220334792	0.112894092790772	90	0.0737014771922829	3.1463939064763	3770	1.54235409540458	20	18	2	-6.73781373267563
chr1	220354989	220881139	0.101989687128061	23	0.0699140635679616	0.478220771343009	718	0.142649561493747	2	2	0	-7.234103928833
chr1	220977350	221978907	0.156123069326863	54	0.107444538209512	2.05969941727445	1371	1.19389753988927	9	8	1	-6.74673329854292
chr1	222133747	223676881	0.0818872749952888	79	0.0647869802316023	2.60886534161439	3836	2.76069193063175	17	16	1	-6.73780198636387
chr1	223702105	223950486	0.208684885859922	63	0.102545028387056	2.05922910021316	2285	0.790433502020114	11	9	2	-6.73339570763719
chr1	223956282	224192147	0.0737960798901544	106	0.0929477633007141	4.70208597653473	2597	3.58246492459119	19	18	1	-6.73392631608812
chr1	224198958	224415767	0.281350619443541	31	0.126834207251168	1.74912169587647	2048	0.882142691492171	8	6	2	-6.73559223594813
chr1	224418547	224991453	0.159860864544876	109	0.0989837840280401	2.9790112750416	2912	2.24695605677076	15	13	2	-6.73467574865386
chr1	225040235	227508301	0.106983480320768	173	0.0871374531648224	0.522058587528286	5621	0.213166586172567	2	2	0	-6.9473423932222
chr1	227563411	227893267	0.117819547843372	65	0.0634268506597591	3.70039408910318	3059	1.7788440606741	20	18	2	-6.73303414977723
chr1	227895491	228100545	0.0528382895519193	141	0.0597159240963315	7.34363515560763	4016	4.76491276978754	8	8	0	-6.74574630793577
chr1	228106599	230747753	0.106483958698451	180	0.0735228759208638	0.555063734223353	6360	0.424677192024227	2	2	0	-7.0692431723659
chr1	230755502	231721935	0.498720864860983	101	0.0982028613646162	1.1391282884631	4262	0.50349937496833	6	3	3	-6.74676231154468
chr1	231767264	233519715	0.110437150718875	72	0.123644645009142	0.502429126054604	2179	0.261852746233901	2	2	0	-6.84905246180048
chr1	233521125	236811820	0.498834845872229	355	0.0887589415752395	0.968101337044536	10502	0.442471776553067	4	2	2	-6.8321314220843
chr1	236852328	237658691	0.151259252883971	185	0.0788529946854133	2.57629311426399	5439	1.60063008009082	15	13	2	-6.7359863433549
chr1	237678090	242110553	0.496461910097089	246	0.098226353265601	0.904514852775865	7942	0.649277719230657	4	2	2	-6.7402465261298
chr1	242183623	242300571	0.208776619673758	40	0.0870027408940484	2.06503162176422	463	1.24276487339754	11	9	2	-6.73333810916746
chr1	242321361	242813119	0.470831958115489	16	0.0987104984284853	0.794926270571418	466	0.324430313008084	4	2	2	-6.81132703507134
chr1	242862338	243118315	0.0876727669248574	79	0.0773188158596995	3.73565300457413	1729	2.70170441159968	16	15	1	-6.73410592117209
chr1	243119950	243750694	0.0568856036861174	100	0.0409647742246034	7.75134990117909	7611	5.48759155556634	8	8	0	-6.77098373774907
chr1	243755080	245600260	0.097781715876	458	0.102008710511641	3.98179171949603	15007	2.69737195433662	16	15	1	-6.75203680082706
chr1	245600280	247123595	0.000406234292606486	176	0.0897501132293176	0.872683540286339	4338	0.314317705357501	4	4	0	-7.33779862740641
chr1	247123958	247244310	0.139337514583477	64	0.076139778519614	3.60431079094757	1405	2.23261708632114	17	15	2	-6.73353175859612
chr1	247249058	247775278	0.499249008504806	71	0.0750033560617333	0.844749228143148	1828	0.23443349102036	4	2	2	-6.74068997842511
chr1	247840994	248453582	0.164399399714239	75	0.10732891267266	2.12658288751502	4606	0.716397244935884	13	11	2	-6.75772991213562
chr1	248471528	248945674	0.103495525094908	110	0.100788697951187	3.3261661366185	4409	2.15656070698985	14	13	1	-6.73771547997874
chr2	92957	69124489	0.498914893513211	3404	0.0881636085924982	0.907932885462096	135797	0.322787614138548	4	2	2	-7.20211960513575
chr2	69338213	73773530	0.177628400742348	230	0.0857532850513327	0.571968939556269	10357	0.183013375176344	2	2	0	-7.37035488021588
chr2	73830868	73945773	0.499026871472787	25	0.0965474839996707	0.903665287616861	583	0.258267614224349	4	2	2	-6.73408533205694
chr2	73960740	92075691	0.167674819940402	503	0.125066675191308	0.555262658395483	21799	0.183948838488023	2	2	0	-7.79205388044726
chr2	94194584	242074617	0.374588818922514	5170	0.102132905609396	0.704346113199096	248481	0.235806533267401	3	2	1	-6.83256486418189
chr3	13132	90232259	0.498921863693806	4064	0.0873961924860417	0.871218106813136	189335	0.287956431129267	4	2	2	-6.75311037896302
chr3	91404517	103691661	0.498856082878065	222	0.0796921731704976	0.847562836113872	13448	0.273313552140257	4	2	2	-6.83918943698516
chr3	104104417	130083286	0.098139013966891	767	0.0838846567363301	0.490420715211919	37490	0.15858395795875	2	2	0	-8.76976719109032
chr3	130089776	130108059	0.0990289965815754	10	0.186645951231499	0.58398285957895	38	0.224884659863275	3	3	0	-6.74714660474861
chr3	130121457	178980172	0.0944316326560884	1097	0.0881632628364696	0.49585103695632	46599	0.166465785581283	2	2	0	-8.96469706822557
chr3	179115214	195617886	0.498899737907389	1027	0.0830248197725351	0.884499678903353	38913	0.307328108021927	4	2	2	-6.74275507861333
chr3	195619082	195982009	0.314385590176323	165	0.104200194633766	0.867784400687983	2818	0.266038409286658	4	3	1	-6.74880146051532
chr3	195982102	198120733	0.468388669848835	334	0.0818761034678224	0.929025152534304	9588	0.363411655608597	4	2	2	-6.85445437602404
chr4	13970	49711665	0.38053782233302	2105	0.103144105135192	0.710966042603621	73130	0.244189714003058	3	2	1	-6.88239900238423
chr4	52072077	96963928	0.377197754971175	1570	0.102912771379005	0.706610282967267	56565	0.236907781445185	3	2	1	-6.79323595924373
chr4	97723103	126952741	0.169987976828002	536	0.103488477966569	0.538644121907348	28915	0.185792210011365	2	2	0	-7.22989858248013
chr4	127165063	190179679	0.35704133440513	1723	0.109805217827349	0.683280103427422	64740	0.242127365884702	3	2	1	-7.05335099817461
chr5	44595	256357	0.499148655463846	87	0.0760084830449042	0.932258424150428	1111	0.265159079909836	4	2	2	-6.74008269173578
chr5	263571	688563	0.0787754630095218	128	0.0662980307987747	5.35938801485622	7169	2.41007478607595	18	17	1	-6.74278258974803
chr5	693457	878410	0.498510409810756	172	0.1644420235541	6.29033086224237	6547	3.15018810987192	20	10	10	-6.73618564993376
chr5	966706	1302029	0.220696808757617	81	0.0911194542250534	1.98119165218822	3592	0.908363658282813	10	8	2	-6.73502430273595
chr5	1321758	8628099	0.498990524407535	277	0.09409039695496	0.91874871128628	8539	0.537335309016274	4	2	2	-6.76727221993107
chr5	8781006	9379998	0.0890136744178721	73	0.0859029619609719	4.12674996851148	2390	2.61776433302713	16	15	1	-6.73871389877953
chr5	9426207	46381441	0.498890240113787	1374	0.0825444510334272	0.858125324474069	48895	0.319849612872636	4	2	2	-6.82446888728459
chr5	49599598	49661768	0.38937911224291	59	0.112626016180757	0.533200382573305	514	0.144764893854692	3	2	1	-6.87289757045671
chr5	49661770	181281936	0.498925871555917	5155	0.0860505178203154	0.879965583120923	239989	0.309380848806889	4	2	2	-6.74940035244079
chr6	178170	58380586	0.445752845916283	3994	0.0902841091720784	1.04158319168789	193250	0.364510548837886	5	3	2	-6.83120622268436
chr6	60291702	170610647	0.443641206198579	4411	0.0913396560083914	1.00426373386071	189008	0.367540982596342	5	3	2	-7.73707338408461
chr7	119262	58100473	0.372313452440647	2515	0.10199475654703	0.706953344533035	96251	0.241711585579541	3	2	1	-6.81286555130562
chr7	60981598	159268017	0.390272351873068	4832	0.103788517648025	0.711401314516682	196351	0.24140679190788	3	2	1	-7.05806486441535
chr8	242991	43618035	0.498887532539007	2879	0.0969284957527332	1.05018505157973	103498	0.385662979671731	5	3	2	-7.14558200480546
chr8	45952323	143315910	0.465891214969218	3549	0.0941031838159651	1.05023008932303	159981	0.401814710234908	5	3	2	-6.90132589995303
chr8	143317895	145003654	0.455427325773923	363	0.0700166232727012	1.12577706455787	20738	0.339035103252968	5	3	2	-6.95759049032083
chr9	117877	42975009	0.403083879330016	1774	0.105830178276371	0.68194512262692	58692	0.229663449393383	3	2	1	-7.0569241079842
chr9	43249804	138199123	0.378274777337633	3646	0.100694514784129	0.694379015371834	163847	0.228622676172479	3	2	1	-6.77744894466412
chr10	47876	39131435	0.287039409093691	2178	0.110572164557733	0.773026806911957	69575	0.283622376065879	3	2	1	-9.14275070995482
chr10	39967657	94171330	0.394270633798004	1753	0.104498623174727	0.556657327890054	71668	0.185211157595086	2	1	1	-9.85240810812607
chr10	94361748	133787147	0.498893983557965	1780	0.0930653126959431	0.732552107663537	86095	0.239377181176446	3	2	1	-8.46985457963641
chr11	223868	35180435	0.229592639129193	2901	0.0914396717701939	1.01637612722662	106791	0.335404826872249	5	4	1	-6.98518692048342
chr11	35186704	50553225	0.346530124749328	450	0.101361201770941	0.67902851133901	25449	0.218163970410035	3	2	1	-6.9289926814427
chr11	54591430	135055593	0.353897147390659	3646	0.097091249791739	0.677653839963946	187730	0.21264373736835	3	2	1	-7.62299584611483
chr12	13488	34309801	0.39762643610458	2066	0.0996797950786307	0.689577906229245	73303	0.227292047020734	3	2	1	-6.8379699926747
chr12	37433302	133219447	0.390979208209894	4063	0.0946729544675968	0.692948021100323	219163	0.227133915816057	3	2	1	-6.83106222992798
chr13	18177561	114349341	0.498913718489226	3352	0.089775987701033	0.862827636073434	132830	0.313084161939206	4	2	2	-6.86647777564102
chr14	16037128	16402034	0.192905215229809	5	0.111883868363585	0.658165517390491	41	0.324817708726663	2	2	0	-6.89490600211064
chr14	18289828	19976331	0.325886191838535	103	0.119173108432493	0.511372749639945	1980	0.165536439247986	2	2	0	-7.72965330553276
chr14	20002744	106874951	0.498909421831893	3393	0.0969825829690938	0.522988990868733	145138	0.170823397867181	2	1	1	-6.74828789821577
chr15	19841982	22618416	0.403336089727734	362	0.135680292241576	0.793468272615084	5669	0.27554785290406	3	2	1	-7.09763814070513
chr15	22630270	33131095	0.498879370566794	474	0.100216172912759	0.819833246686828	22626	0.276834133045681	4	2	2	-7.07465368251015
chr15	33144374	65051748	0.144305370393087	1082	0.10247072464684	0.529114770934886	68880	0.171645939778608	2	2	0	-6.881828435297
chr15	65055067	82628387	0.209870945500487	650	0.110659452014982	0.567988031247519	41379	0.186066461425576	2	2	0	-8.51658265165105
chr15	82632278	101980754	0.498892845680588	1096	0.0942746257103578	0.897415425592784	44251	0.327385627730593	4	2	2	-6.79528806893738
chr16	11641	32882559	0.498923224157727	3187	0.0881818306758484	0.904861879915087	144732	0.302054410500051	4	2	2	-6.95118456352591
chr16	33048864	34267372	0.498464798777628	42	0.151387243719461	0.846896215619575	1315	0.278857760293682	4	2	2	-6.74384940747352
chr16	34573026	35301693	0.454067873745937	64	0.115255026919257	0.592459662665432	1060	0.259538016868799	2	1	1	-6.93076585882659
chr16	46386256	46401545	0.491882572312864	60	0.10001955176096	0.533176213099185	1029	0.134206100946854	2	1	1	-6.73723037652979
chr16	46831226	90173575	0.498914993473926	3420	0.0889182322594189	0.891661249641384	132484	0.300041551052833	4	2	2	-6.82179678671247
chr17	137637	22512368	0.498908271750936	2767	0.0987962694187053	0.869650532464954	110097	0.283250306176963	4	2	2	-6.74211331932233
chr17	25920193	27001123	0.267388117724601	23	0.0985922853735416	0.715715474366725	242	0.355376993438588	4	3	1	-6.99176184149706
chr17	27025282	44935523	0.498905506520177	1309	0.0867247707665132	0.878382756823491	96656	0.286378991749229	4	2	2	-6.73404345530378
chr17	44951613	47111431	0.498733856868635	275	0.110204912596722	0.906264882464514	9352	0.396584198318494	4	2	2	-6.7425609195016
chr17	47121034	82150238	0.498923226290364	2998	0.0851750927401059	0.884832652817754	142774	0.295631623294013	4	2	2	-6.75690362176877
chr17	82150316	82151037	0.131522653542375	9	0.0847188159606694	0.861718316833071	42	0.195358100565208	10	9	1	-6.74117996272612
chr17	82151147	83214512	0.498836569526569	197	0.0920012186376304	0.910380374877197	5838	0.327105817135076	4	2	2	-6.74191797486349
chr18	48121	110648	0.499831486507163	40	0.12031202755485	0.620889258522339	396	0.399589443016465	2	1	1	-6.74017785779696
chr18	139489	15357277	0.478596308429891	845	0.0897947186645298	0.864509093974105	30570	0.320230979656118	4	2	2	-6.78257335255013
chr18	20946254	80195329	0.498897316747101	2032	0.0901544033387688	0.852385100060715	81933	0.309719020157556	4	2	2	-6.99912849350255
chr19	273592	24394059	0.395502534191228	3873	0.0941665249821101	0.731602941057175	163321	0.228816522445315	3	2	1	-7.29949319617383
chr19	27392072	58586610	0.391139436512398	4053	0.0958931590925881	0.718277986225046	183013	0.219032176506307	3	2	1	-7.03641956511169
chr20	96321	23377596	0.496708677372666	1171	0.0883513654756542	0.899363364438223	47670	0.314065247758096	4	2	2	-6.8299070554984
chr20	23379534	26230416	0.333709356903898	246	0.104400339849432	1.17268811856417	7736	0.400564299736875	6	4	2	-6.78480904529869
chr20	28513612	30877089	0.498733065381976	743	0.124834499007155	1.05259933421582	3957	0.414140049431794	6	3	3	-6.92853414574938
chr20	30877203	64327831	0.328863851495192	2624	0.106048789067826	1.25588280566508	156632	0.485066837822447	6	4	2	-6.80678381669991
chr21	5034010	10739816	0.243151405959291	732	0.122862798689016	0.780500084868909	5219	0.274482606366678	4	3	1	-7.40080480178955
chr21	13000242	46692843	0.498906874931782	1952	0.0880424563255594	0.884502947032369	67799	0.307513575988523	4	2	2	-6.752721596888
chr22	10662913	12813444	0.32520755671239	687	0.118588250306645	0.76112111509289	3334	0.261016140219955	3	2	1	-6.96475639384556
chr22	15541395	50808020	0.498921572624032	4038	0.0894576101195813	0.946349834291314	159569	0.331045634467527	4	2	2	-7.7066426688161
chrX	256771	2774669	0.0852794974520728	274	0.113892447213876	0.495340794993235	4711	0.192674425541893	2	2	0	-7.08637785120372
chrX	6533823	52862789	0.313754667966325	13	0.0869529050251209	0.894124224603598	37268	0.284843326683526	4	3	1	-6.89304186200461
chrX	65956689	155996516	0.421935023475413	54	0.13735010379784	0.882790919969556	64803	0.277362812279967	4	2	2	-6.96170203629768
chrY	10796639	56887153	0.426217111117896	343	0.123829325098645	0.771539527089279	5162	0.40445545631673	3	2	1	-8.16217247605895
