chromosome	start.pos	end.pos	Bf	N.BAF	sd.BAF	depth.ratio	N.ratio	sd.ratio	CNt	A	B	LPP
chr1	183697	1114143	0.328835208108604	63	0.0951062951295649	1.00406040196317	3287	0.296436893793318	4	3	1	-6.804402788524
chr1	1160003	1220751	0.169384743336594	18	0.0603823601042946	0.605162251142903	571	0.237657736278177	2	2	0	-6.767206402481
chr1	1228424	55440467	0.498929767688731	6143	0.0916974985882241	1.0013214291677	269929	0.38433815990568	4	2	2	-6.73333905313958
chr1	55443036	59915940	0.369469256836711	176	0.109431256960706	1.35956036732245	6850	0.55844037884208	6	4	2	-6.75427505577868
chr1	60044302	82888323	0.498889790569484	853	0.0897117265969625	1.01547043910509	35052	0.400695145385716	4	2	2	-6.75239083241091
chr1	82926153	84497317	0.156199535812729	28	0.104652587264549	0.597011524355999	1095	0.245977194812448	2	2	0	-6.73426221791514
chr1	84505998	84647520	0.499357980133257	15	0.073244014870061	0.962763455440065	474	0.301969421167062	4	2	2	-6.73443803840908
chr1	84651442	105420078	0.152358146504915	708	0.10019881976614	0.602664916177419	24966	0.207295152514535	2	2	0	-6.82627301381806
chr1	105434625	106383715	0.49888580915092	34	0.089743648576894	1.11546760759869	528	0.505451825283785	4	2	2	-6.75947354975384
chr1	106388148	112126115	0.269615602880256	630	0.106002668482398	1.86940124807095	31611	0.88771489008562	8	6	2	-6.73823401778133
chr1	112144636	114726590	0.397279754062948	220	0.104069379558672	1.22261386658737	12066	0.508057583199988	5	3	2	-6.75216960772489
chr1	114774239	118175322	0.145529729611116	127	0.0875885575036734	0.61144020266221	5684	0.189952821691718	2	2	0	-6.79913732177939
chr1	118272443	123058975	0.165557096119564	120	0.0930042181507782	1.02104862481696	5529	0.339659194425977	4	4	0	-7.0997081860132
chr1	123635642	143239798	0.352740890453653	38	0.156073762059527	1.4048615123677	1130	0.854701890439197	6	4	2	-6.73328077657394
chr1	143253209	149754710	0.37351199211037	275	0.10453846769302	0.812918946393347	10271	0.281687932137565	3	2	1	-6.75461242015746
chr1	149886668	192961272	0.498923206605403	2995	0.0870941406438126	1.01064167322973	150835	0.351610866289107	4	2	2	-6.7551391443484
chr1	193001212	198678906	0.152678286136336	148	0.108924756141383	0.600359048264565	4944	0.206304308880645	2	2	0	-6.7493921017952
chr1	198742051	208154121	0.370239248883224	742	0.0923672040053068	0.785937709526318	34392	0.256736370959311	3	2	1	-6.74729715271239
chr1	208216810	244843137	0.150702350232529	1646	0.0995079914980718	0.59547076737976	60690	0.212864996346243	2	2	0	-6.75168345337915
chr1	244845803	246446755	0.235458118958688	72	0.138504314831405	0.672519485039535	2573	0.371376470595991	2	2	0	-7.04044026452788
chr1	246458743	247151255	0.172982232156701	94	0.101733666241544	0.581224181760018	2252	0.215835887694503	2	2	0	-6.75466847953797
chr1	247154188	247310587	0.389518057948183	28	0.074685938555992	0.755872431965982	674	0.258490482626218	3	2	1	-6.77058197668396
chr1	247322630	248913902	0.159182189891583	178	0.0966852087015743	0.553895677654589	3865	0.165009742326671	2	2	0	-6.88469901429978
chr2	41509	3081552	0.229092621956023	97	0.107780053574182	0.369404540645174	2080	0.128430974771603	1	1	0	-6.98363576808539
chr2	3208476	10463245	0.358147743930422	338	0.100521545155788	0.813760909427655	10377	0.292165170589975	3	2	1	-6.76844261113079
chr2	10540719	13958502	0.236808187885662	120	0.140162430532483	0.410641774381879	3409	0.150979400096099	1	1	0	-7.01673113276439
chr2	14279446	23129568	0.286357523320014	304	0.110965611736315	0.998607165885024	11698	0.468838959434695	4	3	1	-6.73749421778019
chr2	23261737	90315431	0.498906409960017	2797	0.0933006568829237	0.595129156913526	110037	0.208943001950307	2	1	1	-6.76033866295919
chr2	90380792	92007009	0.427835594584019	126	0.137307309600914	0.791903095063556	1427	0.377216000561677	3	2	1	-6.83170441864321
chr2	94190317	102374571	0.498858644117301	524	0.0986131483075916	0.996348183602846	29131	0.348146419126465	4	2	2	-6.73374612114031
chr2	102423226	237779250	0.383852445657728	5260	0.0996168797370928	0.794191524153457	234042	0.279447235249442	3	2	1	-6.74786097945971
chr2	237812148	242183350	0.236109891968093	339	0.102395574157401	0.381786130432919	10338	0.122386059409911	1	1	0	-6.77402246629925
chr3	38293	8225867	0.350450982373426	574	0.113974175126865	1.42573651073655	13454	0.778424508905869	6	4	2	-6.73517280479149
chr3	8257783	8813180	0.45001028746944	56	0.0635988825148906	1.12462607635487	1133	0.353768311131748	5	3	2	-6.91978639192432
chr3	8838894	8948425	0.16742314431292	28	0.107246705404436	2.81988896725767	526	1.46369733810065	14	12	2	-6.73368428150721
chr3	8963394	9833850	0.498982373725803	186	0.0888676704973965	1.11212448142837	5861	0.375834204581011	4	2	2	-6.77434367303924
chr3	9835235	13474789	0.322253427346312	454	0.0972754837869799	0.903218081695896	14372	0.355759173923974	4	3	1	-6.95154526589247
chr3	13483910	13886431	0.191272524901916	40	0.119433703850231	1.45890137603223	1739	0.658540261850875	7	6	1	-6.74118266318074
chr3	13984412	22618390	0.324647609510418	328	0.100503674314709	0.880801353759996	13318	0.412664260533955	3	2	1	-7.15788688176918
chr3	22627263	23733356	0.0973583022942915	120	0.0684647653149841	2.83971386289082	3093	1.77118635821783	14	13	1	-6.73403542516128
chr3	23752608	25102778	0.174736113663798	68	0.106265892268055	1.56814045362369	2689	0.805889127028952	7	6	1	-6.73808356909172
chr3	25362471	28939855	0.251654983700688	163	0.0994101988689939	1.16914647671958	5639	0.477773147987149	5	4	1	-6.74351901109722
chr3	28988486	36767869	0.498767118979256	232	0.102467606446871	0.650461458414517	8808	0.278921867005585	2	1	1	-7.22466152305897
chr3	37460961	63217682	0.287364128997461	1859	0.0966074074537037	1.00457149439035	115479	0.355695923726117	4	3	1	-6.73987719488546
chr3	63268738	75621145	0.498853334743064	598	0.0924007275250155	1.13558798420959	20645	0.4784021180204	4	2	2	-7.21355837448245
chr3	75630060	90257372	0.367605411658162	414	0.100908834620742	0.970255972764306	10274	0.411429840609772	4	3	1	-7.06982449728018
chr3	91357428	96091131	0.41092076788942	53	0.0972831890304	0.997206876076092	2162	0.480512384751664	5	3	2	-7.14373433151261
chr3	96210219	185204507	0.147660460559642	3138	0.0947581330875664	0.592949270665849	119808	0.203579166037506	2	2	0	-6.74069837694625
chr3	185263512	195783183	0.110446581084468	680	0.0965911636186091	0.79867680657683	19319	0.295851991472014	3	3	0	-6.73526104363341
chr3	195783891	195785726	0.498506951543652	16	0.15484056316095	0.424721456939213	91	0.198989775232625	2	1	1	-6.73614684597418
chr3	195785896	198122238	0.105076029319015	343	0.0980262834722236	0.803414245072191	10374	0.302717310737866	3	3	0	-6.74075464260928
chr4	14056	28864477	0.149729099862878	1348	0.0958910985458479	0.584619133806079	42698	0.191449288735406	2	2	0	-6.80625212695794
chr4	29035657	34712894	0.401229353431206	88	0.0993905251471598	0.767091295825431	2227	0.351014568597989	3	2	1	-6.82321548923975
chr4	35127964	39052325	0.377962323152068	226	0.104139303119799	1.28372731405402	7819	0.491358524018007	6	4	2	-6.84497883958172
chr4	39059491	49092775	0.49887335405143	578	0.0856608708015544	1.00764133519439	22943	0.390744677810184	4	2	2	-6.73523875222199
chr4	49097759	49261519	0.329028623874771	94	0.154341547598276	0.835098488666778	968	0.32631249859596	3	2	1	-6.78075516138682
chr4	49266884	49711854	0.24597389566012	70	0.138777937519005	1.3610606587272	608	0.665104349036281	5	4	1	-6.7420300251843
chr4	51848345	65490802	0.498856845296024	496	0.0864237598080983	1.0024573986217	17825	0.387213940670193	4	2	2	-6.73338716579798
chr4	65618921	67973393	0.373001074941423	87	0.109162097539213	0.785913689656112	2129	0.282648955843546	3	2	1	-6.73603985843318
chr4	68232397	117490624	0.498898394046074	1658	0.095479257256885	0.592076787230367	58169	0.199224566178358	2	1	1	-6.73317918241554
chr4	117575615	119300686	0.137823466172958	50	0.106811227721373	0.625703326954678	2565	0.195479428560855	2	2	0	-6.83093449439029
chr4	119320694	137288375	0.373888389828825	367	0.119988131290188	0.756937289315384	14902	0.28830931774056	3	2	1	-7.04632482157174
chr4	137336269	143905270	0.114207999738196	239	0.102737127699617	0.788168048416952	8932	0.302519603629279	3	3	0	-6.73740551920566
chr4	143928831	147115997	0.064283351077047	156	0.0552134410219007	1.29728268027762	6086	0.648328217858376	6	6	0	-6.76390469695431
chr4	147184730	152201473	0.0581842100768437	428	0.0605491019311188	2.34199189417173	18782	1.5026267341856	10	10	0	-6.78320978001285
chr4	152237454	154316112	0.0724545341310702	151	0.061367893612588	1.33644999320494	6672	0.642744199601852	6	6	0	-6.74993390157168
chr4	154332372	161309066	0.132326888255131	222	0.0986887071907943	0.826787399680737	7899	0.371503565831541	3	3	0	-6.79403773128507
chr4	161428029	183342238	0.254649848828936	409	0.127343688687976	0.386861553348878	12110	0.143614789689172	1	1	0	-6.74793329994114
chr4	183380896	186105453	0.498832050887652	246	0.0919191701860141	0.601041791328665	5916	0.214533741717618	2	1	1	-6.74146635834964
chr4	186105472	190179679	0.498573005400833	149	0.14260877480686	0.424318185056777	3561	0.188154483429155	1	1	0	-8.79566457075085
chr5	36646	46206800	0.4989067398772	2355	0.0850349951406048	0.991515929444173	71662	0.380609799622028	4	2	2	-6.74798217727888
chr5	49599588	49666191	0.29681523257189	52	0.136667108578177	0.979671680496035	609	0.410325541051473	4	3	1	-6.73316225570298
chr5	50399214	67192176	0.476240425526905	702	0.0895196462944311	1.02112209164629	27221	0.400523049521932	4	2	2	-6.80153231074266
chr5	67242917	127148071	0.361473573631862	1929	0.102610995381895	0.837600988676581	72739	0.346721142553246	3	2	1	-7.42610087688969
chr5	127159951	127568337	0.25041486047577	47	0.0932380846303264	1.99970060001731	1603	1.00044742004078	9	7	2	-6.73366969309215
chr5	127578725	130388985	0.426992844996401	121	0.0995074391227679	1.18300010908811	4693	0.432903245690029	5	3	2	-6.74431683729593
chr5	130428245	135555191	0.249579333983247	425	0.12077603767453	1.91547836429182	29359	1.02058504425291	9	7	2	-6.74174982951094
chr5	135611242	136247890	0.245235293853856	53	0.0950521589300917	1.09979680915534	1608	0.319620614571315	5	4	1	-6.76381330804305
chr5	136315555	138709551	0.160318338968825	248	0.093959309116354	1.83377151684742	13778	0.9245041266956	8	7	1	-6.73361079969519
chr5	138710150	140952282	0.204338858419357	273	0.0921958113522437	1.39092635745676	17240	0.570776303643561	6	5	1	-6.73602527228642
chr5	140967813	141268049	0.299966623352027	94	0.106608718673838	1.07056555806653	2912	0.349463809932868	4	3	1	-6.74071033609817
chr5	141330894	143679868	0.499158402704951	156	0.0760325479366585	0.570550428916487	7884	0.183883228413555	2	1	1	-6.78881238005537
chr5	143756942	144679682	0.21631162033347	23	0.124927836877445	1.42449090776514	909	0.90488956307577	6	5	1	-6.7346042230353
chr5	144836538	146886058	0.49894961556787	57	0.10848809747264	0.583617053941633	2571	0.206825413115352	2	1	1	-6.73878411057324
chr5	146983534	149217278	0.180280505948626	183	0.0880686569242009	1.56107380189226	6373	0.744281343379515	7	6	1	-6.73640578979381
chr5	149230526	150478958	0.241950267379958	238	0.0935887131686504	1.24153481169315	9436	0.531291976418243	5	4	1	-6.73642454111167
chr5	150484440	150898129	0.154091261385641	86	0.0678819124330459	1.96187795698669	3660	0.904786758221363	9	8	1	-6.74096690969087
chr5	150905424	151719476	0.27067034099456	118	0.103928192386972	1.0586424132911	4484	0.3801263762112	4	3	1	-6.77890741018782
chr5	151747024	152220523	0.101158553176971	83	0.0679909330008076	3.01337907258171	2232	2.0116730919438	13	12	1	-6.73454225360922
chr5	152228061	153560671	0.137367929894896	52	0.101763107337988	1.82440331683626	1470	1.00224416560677	9	8	1	-6.74611724255223
chr5	153686186	181288546	0.498885394636959	1285	0.0974748288146511	0.595312291228735	47549	0.221682976092156	2	1	1	-6.74425090674396
chr6	175346	9021185	0.414314502994658	783	0.0977703651156425	1.23379166034333	22720	0.595324346802615	5	3	2	-6.74171126093042
chr6	9049322	11311897	0.245056932984117	354	0.113573905989734	1.96593483810318	10613	1.06857278762798	9	7	2	-6.73421107583312
chr6	11335076	14302714	0.349977423164551	275	0.108388599953442	1.45995057289397	8210	0.735110453553849	6	4	2	-6.73854225179286
chr6	14330621	43331893	0.423370034692102	4502	0.0958264864386362	1.1867712817874	148586	0.452708642304288	5	3	2	-6.75597941749399
chr6	43435655	58123392	0.498902343885102	681	0.085403272461014	1.00928973312228	33283	0.330877640860568	4	2	2	-6.73955969780108
chr6	61184159	64019498	0.498988545180999	51	0.0920225675645734	1.25397141861417	2783	0.487825646881017	6	3	3	-6.82836476718987
chr6	64019733	66254239	0.253639577655485	84	0.125815701689965	1.85110208001772	2718	0.936719283585924	9	7	2	-6.74628894547321
chr6	66271140	69122135	0.498932419427794	41	0.101076999144699	0.976425163419066	1108	0.417657205208941	4	2	2	-6.73881572569381
chr6	69325995	170736935	0.14640216063452	3322	0.100388286025466	0.592712623032097	120107	0.207399883537436	2	2	0	-6.74011653071851
chr7	35411	6774845	0.116312385585526	1000	0.0891918246286092	0.793555803231482	28980	0.298995156627593	3	3	0	-6.73357956119543
chr7	6785819	6923001	0.489719190364405	25	0.138622472925569	0.896401742482801	555	0.342963645165529	4	2	2	-6.74473281523577
chr7	6924737	16495966	0.120624788626917	306	0.0935516494302004	0.790890248978243	8425	0.299228490986755	3	3	0	-6.73777909432869
chr7	16516968	18478287	0.49875318647388	161	0.0953104790794813	1.59295700937685	4719	0.678041387282686	6	3	3	-6.77155803385669
chr7	18585177	20848720	0.101033606576906	50	0.0684620675547967	0.817661256299117	2313	0.297287521813368	3	3	0	-6.76971481571499
chr7	20900040	24073360	0.435477870772913	414	0.101577852523509	1.65218230787981	13144	0.751009501084381	7	4	3	-6.7350686369342
chr7	24166750	27713832	0.100859849558915	136	0.0770598581106022	0.797771756053161	5726	0.301801422084026	3	3	0	-6.75395886035187
chr7	27744376	31364903	0.49881154632074	291	0.111703271356985	1.60564134581677	12342	0.762549448909076	8	4	4	-6.78975122161242
chr7	31510213	32565309	0.113009968628108	69	0.0743588824082865	0.786733537562003	1695	0.2667278474999	3	3	0	-6.73481621768566
chr7	32569953	42795691	0.132435991149199	314	0.102558294748187	0.589319635742696	11706	0.210516335857673	2	2	0	-6.76456601600531
chr7	42796906	44896470	0.36361981012411	217	0.119616703981129	1.37793950171836	13811	0.676733356741474	6	4	2	-6.73745513291728
chr7	44898712	51451164	0.153557027157955	293	0.0931362907111701	0.619166308190237	9066	0.231782852009787	2	2	0	-6.87809122685364
chr7	51600444	58100679	0.498843014120954	444	0.0910544815414891	0.954930900218003	10847	0.406030409294011	4	2	2	-6.78367561919485
chr7	60958050	64653502	0.282357075694601	298	0.120246933881502	1.65794689487651	7706	0.898331751626606	8	6	2	-6.75813008698757
chr7	64721806	72879790	0.4988423994568	827	0.0951449743950724	0.991571915336584	23408	0.445483939885516	4	2	2	-6.73501394602834
chr7	72897032	73965762	0.261988702278022	121	0.130658219213082	1.74197771342068	10555	0.893272951883215	8	6	2	-6.74063187322175
chr7	73965895	94414181	0.498880051653689	1060	0.0913930371362087	1.00276680064196	42868	0.411291906124731	4	2	2	-6.73355838104418
chr7	94418365	100951445	0.15247787285822	485	0.0984067904824293	0.588712265472502	22632	0.203985968728307	2	2	0	-6.73616252099542
chr7	100951877	100974817	0.498672381388096	171	0.129780894184607	0.569709219138944	993	0.11961679782897	2	1	1	-6.7344962575166
chr7	100981437	121325598	0.162146619126665	722	0.102979051295983	0.592294572347979	29481	0.207892842787004	2	2	0	-6.7360461430022
chr7	121399670	123732286	0.186599487494567	197	0.0992601667352036	2.52752414260534	9505	1.37666458224033	12	10	2	-6.73494372398379
chr7	123857139	124222805	0.141520303360178	10	0.0742215901503359	0.597264948662437	395	0.162376340208203	2	2	0	-6.75343344606049
chr7	124360414	128714351	0.498824434017549	202	0.0853639843675429	0.996649804532367	7158	0.361317589566563	4	2	2	-6.7334115044382
chr7	128719079	129083280	0.285060174126327	114	0.0972501595956303	1.78404868889429	6036	0.607257906765899	8	6	2	-6.73933605218357
chr7	129083475	130300721	0.498828617207253	103	0.0920271678324677	1.03606298925649	5920	0.45801831176157	4	2	2	-6.73741896295373
chr7	130307326	132167903	0.103537321437482	543	0.0782828312878864	4.42014647162418	18281	2.54445127245944	20	18	2	-6.7514589930413
chr7	132168225	134722448	0.184602931070654	263	0.109104756448654	2.57404401828431	10403	1.66498810739767	12	10	2	-6.73472954225464
chr7	134722608	137972056	0.136455055496669	229	0.0807931436546136	2.11040420704509	12806	1.41485764801011	10	9	1	-6.73688676641406
chr7	138021280	139546647	0.106331741980698	607	0.0735758614046079	2.6090512656668	17066	1.62648618549357	13	12	1	-6.73594794888106
chr7	139553311	142340345	0.14111786048475	456	0.0801943071181395	2.0264178463738	19962	1.03880109797833	9	8	1	-6.73565417240652
chr7	142352790	145995107	0.180580438689527	381	0.100226519725325	1.5198858786763	14591	0.599847269169881	7	6	1	-6.75489386398788
chr7	146074313	150520914	0.237126282651737	448	0.0955408378068682	1.15256348995706	14874	0.459685137879755	5	4	1	-6.76229352530148
chr7	150569747	152154307	0.242135756537635	159	0.107893807977366	0.383188459791677	5300	0.117055331117992	1	1	0	-6.74404229302411
chr7	152176063	152407544	0.435978427976804	102	0.124205494457478	0.460351748173093	817	0.162506312196136	2	1	1	-7.20344616459948
chr7	152407952	159234676	0.234419199841429	290	0.117853669691403	0.388051556193794	7165	0.143089033920565	1	1	0	-6.73341514080473
chr8	213476	5799633	0.230025701958421	211	0.108865015314689	0.38244492130883	3709	0.147037845744765	1	1	0	-6.76389056204366
chr8	5819306	12478147	0.0911774776523621	596	0.0760622535291579	0.972368299558071	12677	0.410838394793464	4	4	0	-6.75199029006564
chr8	12496833	12572162	0.498661718316441	16	0.149259449728764	0.934293307684397	244	0.309425970366777	4	2	2	-6.73527725826028
chr8	12574596	13457481	0.093930992293178	101	0.0851170492863088	0.984057937411399	1962	0.417628086802761	4	4	0	-6.73425024943371
chr8	13499309	16167255	0.146524368550067	57	0.0939048003502593	0.580496594113862	1270	0.240390504257568	2	2	0	-6.74837112476613
chr8	16186404	19498040	0.086503883258478	267	0.0647052997515996	1.01402446655907	6849	0.417010661578438	4	4	0	-6.73904013434572
chr8	19507859	43103864	0.159519459246842	1211	0.0998907324357197	0.592648304545359	43307	0.208444642772495	2	2	0	-6.73478361761601
chr8	47137866	86030530	0.148597889976831	1023	0.103245165057325	0.588079083709704	36483	0.219295956047686	2	2	0	-6.75557504938204
chr8	86048443	86770716	0.000630204831708614	53	0.0959272371805393	0.969240685078515	2110	0.355607566472126	4	4	0	-7.23379843446375
chr8	86781553	145066250	0.150131512325427	1908	0.096131608191267	0.594485540702111	74604	0.206905611712353	2	2	0	-6.75009770784397
chr9	117877	3645310	0.384642047002115	276	0.101442641360357	0.790064179099672	5270	0.276540478676389	3	2	1	-6.74431145877803
chr9	3688610	6326825	0.40891803638272	239	0.089884060315073	1.2734713787361	7713	0.483465240322715	5	3	2	-6.75690931729003
chr9	6328440	7477728	0.374412109603718	114	0.101993353102085	0.777491411791324	2426	0.29565521171253	3	2	1	-6.73784918827762
chr9	7528783	17786628	0.44466584767411	522	0.0977065501006156	1.29931486262255	14970	0.602756275025529	5	3	2	-6.88268948683205
chr9	17793663	20590460	0.319206917675131	113	0.102203103668599	1.01294041761586	5289	0.410023519417604	4	3	1	-6.76575532147679
chr9	20614310	21077717	0.162491727445117	47	0.0781203973667336	1.81446806061425	2039	0.838933710832788	8	7	1	-6.73304437157287
chr9	21187312	24897583	0.258037206580592	33	0.14441219021197	0.382850454470008	1689	0.146848950689491	1	1	0	-6.76242860326311
chr9	25129217	26427489	0.24726786065094	28	0.106075912470029	1.47217164648967	851	1.087010207353	5	4	1	-6.75959026969765
chr9	26550242	29110671	0.274255775804416	63	0.113406552204665	0.388408720743497	1819	0.139532201772976	1	1	0	-6.79858992049218
chr9	29279685	38962565	0.146048463820064	460	0.097682230952304	0.588091219097151	23376	0.192046864147419	2	2	0	-6.74460740323646
chr9	38972706	42986041	0.488138400231262	334	0.136864852774738	0.6975926661335	2750	0.312669038875441	2	1	1	-7.33813775438021
chr9	43115504	67723842	0.353499479468823	210	0.135382076641557	0.729260057769137	2831	0.380652515229257	3	2	1	-7.44013555852444
chr9	67743609	74967032	0.36237074043076	315	0.0939129009202457	0.806866165935631	10583	0.297428647624005	3	2	1	-6.74783252970651
chr9	74984840	138177194	0.49892165256344	3552	0.0937552065780552	0.58964259955207	140449	0.19594759596822	2	1	1	-6.74743984023074
chr10	65480	2749558	0.401734182499618	114	0.110658778756792	1.17492002727882	5624	0.471181017325941	5	3	2	-6.74642904840349
chr10	2749762	17532542	0.498884442724976	1241	0.0860834896154463	0.995607119937244	35798	0.3953223834374	4	2	2	-6.73438737605373
chr10	17545622	26010755	0.381284636024719	351	0.105991727125122	0.790731382681175	14012	0.3057561485682	3	2	1	-6.74037026773735
chr10	26021727	38080890	0.49887125497991	950	0.0910747991761612	1.03144706783354	29181	0.446255131698749	4	2	2	-6.76708077645579
chr10	38233279	39131435	0.37971819088115	73	0.132237576491046	0.990370228132815	996	0.406305739032896	3	2	1	-6.88694574495952
chr10	39967657	42495395	0.237842067930634	68	0.143805988829319	1.00526344577639	1063	0.607953560901326	4	3	1	-6.82922873639943
chr10	42497070	73889940	0.498898278736844	1870	0.0897407928316618	0.989406777330148	71639	0.380021928206763	4	2	2	-6.74872822587663
chr10	73896427	101427396	0.38131344997824	1449	0.101044133409083	0.809101927520235	62734	0.298202066582246	3	2	1	-6.78676322420819
chr10	101427549	101907651	0.139121327026741	26	0.0541148635916091	0.584048920536607	1677	0.17764541852623	2	2	0	-6.7858744263973
chr10	101992079	104967923	0.362493180317664	184	0.0925155994243652	0.799325269979825	14097	0.267242765130878	3	2	1	-6.73943562285506
chr10	105042906	107026341	0.150781864546239	45	0.0945338216425393	0.5771021432269	1374	0.219266163774919	2	2	0	-6.75004061078886
chr10	107068583	109710691	0.244545513636397	33	0.153732796524596	0.318763615990368	409	0.166837629439693	1	1	0	-8.37467296870372
chr10	109757351	110682171	0.498598498264036	53	0.114876626571143	0.827754157739771	2148	0.343986306548482	4	2	2	-6.89669908535008
chr10	110781918	112781566	0.137730478202474	57	0.0875962234969483	0.613503800913247	2449	0.19910085319839	2	2	0	-6.79492154536575
chr10	112853117	114053779	0.499174493591196	88	0.0762744419259694	0.983950752774266	3668	0.314532382405136	4	2	2	-6.73507782449419
chr10	114125168	114974310	0.147789889992401	47	0.0939314608315555	0.595371362025235	2430	0.187240392941335	2	2	0	-6.73706092414725
chr10	114995374	126800704	0.498869631798758	743	0.101619988670276	1.00658189404424	29265	0.40231204462679	4	2	2	-6.73481647941921
chr10	126859310	133787086	0.16267903947141	350	0.0950985236142728	0.580659851670237	10836	0.179375254053372	2	2	0	-6.78402058720979
chr11	197557	1016618	0.157802184445137	251	0.0891664182047152	0.596971489861667	7821	0.169391256802429	2	2	0	-6.73487071776206
chr11	1016665	1018374	0.3420949301804	31	0.103157151227932	0.685682064724343	176	0.0812271016684367	3	2	1	-6.7856630069448
chr11	1018436	50512735	0.151933289857232	2446	0.0911959458432885	0.584939218463907	88357	0.186972749094343	2	2	0	-6.8501546136465
chr11	54591430	64840115	0.498916457974692	1006	0.0808328717153991	0.996543159256998	55454	0.314747822505292	4	2	2	-6.73401808451092
chr11	64855313	65183001	0.383091321237182	94	0.0918281552097418	1.33960471578489	5873	0.496804627356049	6	4	2	-6.79051010298598
chr11	65187332	66225895	0.49897587362213	156	0.0798746937898554	0.850743297293033	10859	0.304953649181785	4	2	2	-6.90391385293928
chr11	66232143	66655200	0.103373970572243	122	0.0750376304458579	4.4508579081996	17651	2.57591676569692	13	12	1	-6.74085111851882
chr11	66672042	67001800	0.171130585275853	85	0.0964571427741713	2.82114177703305	7241	1.54283707076599	13	11	2	-6.73470608549945
chr11	67005467	67225664	0.0600746794698522	98	0.049414098224122	5.87343605494379	5760	3.7453776100994	7	7	0	-6.75122551728834
chr11	67228252	67335130	0.198093171699404	24	0.101610616528512	2.50217051179049	2723	1.37338390177014	11	9	2	-6.73655046747703
chr11	67335260	67967322	0.110560541947802	360	0.0741503628809882	4.21225870289874	16084	3.13542820176734	20	18	2	-6.73784052529662
chr11	67967381	69018077	0.0697155097799331	404	0.0586475742906234	6.14853368911205	27647	3.52065945223529	20	19	1	-6.73982778637087
chr11	69020922	69898740	0.126596970850823	239	0.0880423554218631	4.30180107479066	8716	2.74164104778741	19	17	2	-6.73421040759966
chr11	69899828	70196397	0.218712078003084	83	0.108915174028716	2.21616094281842	2079	1.28012935700022	10	8	2	-6.73486531263607
chr11	70199202	70441335	0.0841651686226653	158	0.0646536767698334	5.75906303819734	6553	3.79621782509206	16	15	1	-6.73603968454308
chr11	70444376	71218130	0.12603074118237	153	0.0902592718456712	3.96441832839707	6483	2.5225722107321	19	17	2	-6.73371171966908
chr11	71228529	71596846	0.352074630650185	67	0.095245112150241	1.39420010039846	2099	0.519127976387846	6	4	2	-6.7336999833012
chr11	71606422	71657814	0.0868004442293412	38	0.052301429663136	5.8726572282069	588	4.1275071827535	16	15	1	-6.73377732994245
chr11	71659939	73432717	0.343846639736529	235	0.114760482086703	1.33028425277758	12341	0.571553553335422	6	4	2	-6.74939972268693
chr11	73437453	73488877	0.0565751213923587	17	0.0544300009186111	7.96522857414929	506	4.98800659728924	7	7	0	-6.73620994720408
chr11	73492569	74658302	0.18667295252857	298	0.101457673512698	2.78672903951058	13197	1.75431197681064	12	10	2	-6.73435458799168
chr11	74658344	78017522	0.104888783193958	967	0.075630053759579	4.43052513884756	45610	3.11510268114202	20	18	2	-6.74917392743606
chr11	78018408	78630060	0.178940471730382	255	0.0899250701070074	3.25288988974873	6710	2.39560918030144	13	11	2	-6.73476610982825
chr11	78637349	80990570	0.117472991379573	225	0.0864123048446888	3.95361932304049	7741	2.87123473178961	20	18	2	-6.73403564031506
chr11	81037911	98455564	0.144797634080792	422	0.109695150605442	0.600312269188399	16764	0.21105368163695	2	2	0	-6.78462627511664
chr11	98472462	99620037	0.112246049759508	138	0.0834305579039946	3.9768649047154	2975	3.08060101521697	20	18	2	-6.73550412185736
chr11	99689299	134796463	0.154908737689033	1591	0.0938240724239764	0.583718451534418	62541	0.192821172967635	2	2	0	-6.84072390522881
chr12	12233	7652871	0.368135654259867	810	0.0920995456004328	0.787376008142351	30316	0.261768472478507	3	2	1	-6.74206410305822
chr12	7665848	22639449	0.156970039821165	732	0.108605536356079	0.601473028980115	26556	0.218662280081935	2	2	0	-6.7812509639063
chr12	22748998	28557691	0.498755121325637	167	0.115138008111618	0.928392106275601	8923	0.369768035775352	4	2	2	-6.87172250903277
chr12	28565058	34274047	0.13973257142819	285	0.123558227595827	0.610666893091867	9220	0.22289932153031	2	2	0	-6.80863772009198
chr12	38042395	42908719	0.378465100060633	209	0.101614961656551	0.805223532178571	7921	0.286894740526079	3	2	1	-6.74025380884207
chr12	42944741	46788757	0.498808623718488	184	0.0970620597791053	1.12561282956372	7128	0.606356348137941	4	2	2	-6.81925318791976
chr12	46828361	47341717	0.229205751259523	65	0.112627007367068	1.93227115952804	1843	1.12153297111933	10	8	2	-6.73886041657926
chr12	47344645	49021935	0.498844464413859	251	0.0765339881791975	0.955992875511399	9896	0.325223253981355	4	2	2	-6.7526357545554
chr12	49026087	49954295	0.14853313235409	99	0.0969612139726419	0.592449146155871	5969	0.180009043860271	2	2	0	-6.73571251016368
chr12	49955307	50245999	0.498725213422682	49	0.124526900626298	0.901468003417201	2565	0.435009244078791	4	2	2	-6.74305174438039
chr12	50248531	52703407	0.152293763877036	219	0.106478756409845	0.57076779762759	10828	0.183872099574888	2	2	0	-6.79043117025424
chr12	52717688	55723916	0.498864185142486	388	0.0854971949180065	0.941125056016953	18026	0.325412516905689	4	2	2	-6.79582279582703
chr12	55788910	57126043	0.147579332454701	161	0.0766735527783353	0.593117500079596	10457	0.173064278569191	2	2	0	-6.73875846851981
chr12	57129111	57595260	0.499085596518466	64	0.0948957539464411	0.888001129536571	6327	0.255180201943632	4	2	2	-6.79338752779355
chr12	57609872	57776773	0.0847094489908928	120	0.0445444534519544	5.37697093819807	8926	2.1388300243653	16	15	1	-6.73766879396361
chr12	57780523	58244448	0.227583391498331	67	0.122492948319729	2.15973463489852	2503	1.22287429097978	10	8	2	-6.73352197944525
chr12	58355881	60583614	0.386223047304729	54	0.105785902807058	1.38754617129095	2192	0.665317362461464	6	4	2	-6.78540265744156
chr12	60742354	60840892	0.0979012106236284	16	0.0575783162310257	5.18425626532454	215	3.80268267803054	14	13	1	-6.73426169955345
chr12	60892884	63540255	0.353291061970906	56	0.0834451915930451	0.774234435630297	2787	0.275736630457286	3	2	1	-6.77839911151495
chr12	63541688	63681692	0.0699957736931414	59	0.0730870916716759	4.04381511782475	1487	1.85293203747809	20	19	1	-6.73314779972097
chr12	63684768	63690236	0.323807045960704	10	0.127113073022932	0.895213171208099	59	0.180592877099051	4	3	1	-6.7631366623656
chr12	63701942	63748094	0.0970011220653694	24	0.0689416761483569	4.40166207099196	316	2.79130678336883	14	13	1	-6.73352409594676
chr12	63751078	63861605	0.495123756037615	14	0.100350046677278	1.12655781521417	526	0.560575033419637	4	2	2	-6.73742620766939
chr12	63872251	65827742	0.0773658480257075	598	0.059270345515968	5.70862091457476	23191	3.72473450425442	18	17	1	-6.74604454781212
chr12	65865042	68638918	0.32259890214599	170	0.111627086650458	1.60515373942714	7505	0.796423179370312	7	5	2	-6.74061368140848
chr12	68748189	71618291	0.0979138109204705	607	0.0741560329225202	4.62426965105304	25392	3.0104768252175	15	14	1	-6.76168666977518
chr12	71620052	72381555	0.144277929998168	116	0.0756124122188892	3.49336006321813	5355	1.76299652639865	16	14	2	-6.73309785760766
chr12	72499751	74079781	0.219760262738277	84	0.0974544003875933	2.5087391605593	2023	1.99136543872327	10	8	2	-6.73802047957738
chr12	74107427	74699752	0.0624863730809322	79	0.0563889820760941	6.48264486103081	2101	4.62808070637883	20	19	1	-6.74479995641739
chr12	75293405	133017743	0.150100114433986	2643	0.100699457648541	0.594204614951026	111478	0.208663738060353	2	2	0	-6.74648192954881
chr13	18177561	64862780	0.147620405669298	1793	0.106325530948084	0.592146848179919	57410	0.220988574466687	2	2	0	-6.73602174748043
chr13	64955225	65844075	0.285730112626894	9	0.0612932387063297	0.914486562109268	469	0.421506359871124	4	3	1	-6.77342055098355
chr13	65844094	73614124	0.0867930041713398	139	0.0859439972307185	0.806452714017545	4727	0.354962827416061	3	3	0	-6.80423235515628
chr13	73631037	74959581	0.367732186922398	34	0.110407848670864	1.16854646947867	1229	0.483466361133659	5	3	2	-6.84521571852364
chr13	74994348	100938376	0.193550348952853	505	0.128498874354435	0.475479732675094	16756	0.223701780202262	1	1	0	-11.8141120926451
chr13	101052648	101389780	0.42513253690356	21	0.112987293849479	0.772949760951667	775	0.209609670308421	3	2	1	-6.86808015885688
chr13	101395478	105290271	0.238693095849077	67	0.107459857556109	0.390531500254338	2637	0.13544536130654	1	1	0	-6.74002535361436
chr13	105454993	112785272	0.0766640550451569	475	0.068672185333065	1.21523875798743	12490	0.489890126910561	5	5	0	-6.73450246033628
chr13	112804907	114299067	0.213721037109289	153	0.124400921834547	0.396218335815148	4226	0.124901404170082	1	1	0	-6.78040321844357
chr14	16037128	16402213	0.283678930958425	4	0.101281785134347	1.04392226703808	46	0.417192625721646	4	3	1	-6.74398493815952
chr14	18289828	20217187	0.462700312202743	167	0.11688991588195	1.10886342249554	3437	0.372966963751044	4	2	2	-6.88048807426062
chr14	20218424	26100202	0.37825101225878	844	0.0903985648677762	0.798741229214989	31330	0.237348055960957	3	2	1	-6.73682109689472
chr14	26100506	51346413	0.498835575966491	686	0.0997716487612256	0.625301522673334	27187	0.232955879042744	2	1	1	-7.47476994354675
chr14	51353436	105864734	0.356474920016291	3449	0.100786152892905	0.83122973498434	136429	0.303959180648367	3	2	1	-7.34340280474195
chr14	105880882	106874951	0.175577875872844	184	0.108767878456552	0.577144068946812	3844	0.163708515984282	2	2	0	-6.76857190233644
chr15	19027688	22480162	0.397674611562564	304	0.132841577268919	1.10153132670884	4387	0.495032541189364	5	3	2	-6.81026002083005
chr15	22546936	29638587	0.157210706089947	398	0.12073237214846	0.576760969800018	12009	0.202422908129543	2	2	0	-6.8021079749087
chr15	29642834	43808333	0.111790745293063	1165	0.0925804016996799	0.781137117726724	47881	0.258854756198942	3	3	0	-6.7791844389585
chr15	43809812	61330266	0.217156408563589	555	0.117410587068215	0.391165529088202	24281	0.135314307694577	1	1	0	-6.79484828899125
chr15	61490714	65410371	0.113392292923093	381	0.0800601058912947	0.787229498404204	15139	0.269707462348023	3	3	0	-6.73740615568829
chr15	65447149	76230159	0.418323266537081	1016	0.0993251423891849	1.21474536113657	50734	0.486955512060185	5	3	2	-6.73556397939444
chr15	76260449	76261159	0.0602688257585076	13	0.106020740593044	1.11117935316386	25	0.493190453408552	7	7	0	-6.73388557036281
chr15	76262650	81372514	0.428936984833741	532	0.0868036105838205	1.21039810477148	20406	0.504260084545405	5	3	2	-6.7482329938829
chr15	81378965	101312558	0.353734362806109	1900	0.0988517471798662	1.375981278564	67760	0.588480559307362	6	4	2	-6.75216091951719
chr15	101318584	101819758	0.499072242261481	82	0.0873715834025525	0.986780364788352	2110	0.29546226635011	4	2	2	-6.73373550977786
chr16	11641	11830044	0.498916835033281	2188	0.082661526367018	1.00011059437134	70963	0.351931463437774	4	2	2	-6.73313488384874
chr16	11847621	11974850	0.163226409726897	23	0.0739731550495461	0.618668931051444	588	0.20259636524198	2	2	0	-6.74407866025629
chr16	11984181	31759402	0.498894908895204	1846	0.0975536335620773	0.984455397836094	90653	0.382063458612509	4	2	2	-6.75376745827298
chr16	31793891	34163346	0.495898257353928	118	0.135419412501831	0.914461190884488	2782	0.34841695267226	4	2	2	-6.82640902485591
chr16	34194887	36162801	0.498676074495583	110	0.11168492110099	1.30357498505234	2572	0.474231073565786	6	3	3	-6.76453623368768
chr16	46386234	46571472	0.364915785634822	66	0.101162027020793	1.2915494052971	2100	0.394805910691276	6	4	2	-6.74411167381505
chr16	46572010	48258602	0.214181743267565	39	0.116488802146992	0.389453257150383	3122	0.137315860990132	1	1	0	-6.75635390520918
chr16	48316272	88274103	0.148974264629881	2414	0.0931971003579133	0.584091840253941	84470	0.201836886617276	2	2	0	-6.83745538158979
chr16	88409100	89607294	0.0671085830896537	320	0.0553262034058656	1.41310617217388	13221	0.510663044249982	6	6	0	-6.73382678925111
chr16	89609349	89622497	0.27104963525334	9	0.137029599397762	1.56168342247865	96	0.716026340343558	8	6	2	-6.73394499610886
chr16	89626782	89920352	0.0629299124373106	169	0.0555148442220104	1.47609285518992	5470	0.591387339167581	6	6	0	-6.735067799133
chr16	89920793	90075679	0.0434967391336271	96	0.0731381345978699	2.1999285611928	3206	0.869479895432285	10	10	0	-6.7336258041904
chr16	90083586	90095518	0.122655706024722	14	0.101927899533429	1.58472084030979	110	0.854210599446553	11	10	1	-6.73486325455193
chr17	132094	1315319	0.377103755994531	368	0.11042527228578	1.40831943310023	8389	0.635696481673438	6	4	2	-6.75688412366552
chr17	1318312	2929024	0.469431833696369	321	0.0865136470020843	0.993218884679969	13016	0.390184649291744	4	2	2	-6.80733726525769
chr17	2935276	3062651	0.16627886552873	26	0.116796239402052	0.586277058985445	503	0.178754824207165	2	2	0	-6.73883741204102
chr17	3062738	6449543	0.380131613514607	823	0.0953736017160749	1.2961684026331	31080	0.480345971120791	6	4	2	-6.83471204464731
chr17	6463678	6617828	0.176161623314116	17	0.104300611920826	0.611317818493085	565	0.252007249835691	2	2	0	-6.75914512467472
chr17	6617874	9374386	0.49888154628034	512	0.0846617422114016	0.977360197268511	27940	0.30309280073202	4	2	2	-6.74281233707697
chr17	9378510	9693255	0.185209382372667	21	0.0930437940920705	0.579037117956445	864	0.229627885045054	2	2	0	-6.79734940207504
chr17	9773969	21305037	0.498880108723778	1423	0.0945711111278719	1.02544801483267	50055	0.402956496735488	4	2	2	-6.75926041008767
chr17	21306521	25074523	0.404293269583127	325	0.117929869787235	0.966849939346801	2554	0.455985191294012	4	2	2	-7.11681300114432
chr17	25389878	27047846	0.449257827029034	29	0.146112818277606	1.29410535134845	385	0.416031334720302	5	3	2	-6.79483194786834
chr17	27048991	46833220	0.498917702993246	2281	0.0873113349026855	0.995376165439633	122153	0.36562772168469	4	2	2	-6.73528670040576
chr17	46851959	54474143	0.36775320575707	529	0.0963568270437905	0.793312088886238	25929	0.271877912612206	3	2	1	-6.73482167632495
chr17	54752400	77342747	0.498918098968271	2325	0.0867914856609361	1.00888278856834	102305	0.387174427229871	4	2	2	-6.73970965830791
chr17	77359882	77500712	0.184789046296613	17	0.103014704832683	0.534421302910611	436	0.182447528581335	2	2	0	-6.80915697448527
chr17	77511122	82150221	0.498898741499827	986	0.0769144053366687	1.00721812079281	33285	0.342234583740985	4	2	2	-6.73428013275509
chr17	82150233	83214512	0.400644674236704	178	0.101841204623582	0.824314051093543	5647	0.278954978149592	3	2	1	-6.79089027788909
chr18	69135	1923314	0.171876435573866	109	0.110806524161739	0.651659589064373	2976	0.275514058969859	2	2	0	-6.87954967664999
chr18	1956183	6041873	0.384259601049597	216	0.100593029585582	0.815988458956749	6730	0.328201628393542	3	2	1	-6.75612365838014
chr18	6085551	15371758	0.498840076152716	692	0.0944724712816888	1.02065761619842	23471	0.402154468546281	4	2	2	-6.74706629508049
chr18	21006644	53903961	0.372991452122121	1065	0.1007244590581	0.784745007223253	44233	0.291655559641001	3	2	1	-6.78063160131795
chr18	54078137	54287596	0.1705640491461	38	0.103781177083937	2.52531914298832	1324	1.3460241604022	13	11	2	-6.73576042113541
chr18	54331786	60010072	0.498758922683268	254	0.102222841789208	0.894224740244927	10010	0.358127749810906	4	2	2	-7.04964262540706
chr18	60169482	60942032	0.189486647081737	51	0.10130742186775	2.19204251301983	1273	1.67107264545732	12	10	2	-6.73863211013807
chr18	61005574	71848060	0.377826718040647	346	0.108380054353281	0.840411152844667	11236	0.436338081514477	3	2	1	-6.83353128307927
chr18	71929865	75698610	0.20041291382687	298	0.10450553163329	2.29494447680452	9182	1.30882188756865	11	9	2	-6.73894792206502
chr18	75780822	80250865	0.360617814332092	319	0.109881954777506	1.32839257678171	9730	0.562118854929157	6	4	2	-6.7636858611074
chr19	287786	1912901	0.147447583603969	440	0.0923494123000467	0.610796869371098	13118	0.195194630559876	2	2	0	-6.76222073486758
chr19	1914796	2262444	0.0907138656325928	96	0.0784493571977288	1.00658145942511	4460	0.386876243014246	4	4	0	-6.73318216983453
chr19	2263459	4499330	0.151587216779592	586	0.100658976861595	0.59112475245108	15667	0.211028718141625	2	2	0	-6.73377053748992
chr19	4502189	4829077	0.0867352634118032	144	0.110933351955785	0.979634081893536	3525	0.398692426820959	4	4	0	-6.73477688717152
chr19	4842947	17367709	0.14830591299498	2466	0.0907478975687992	0.579852670059251	84029	0.192640568185018	2	2	0	-6.82066613640871
chr19	17391889	19501768	0.498883822510111	527	0.0775034222220507	0.984505909377359	23120	0.353018218957349	4	2	2	-6.73572736820945
chr19	19517045	20397229	0.223100762733585	71	0.123321863805877	0.447311177368914	3518	0.174788735981593	1	1	0	-7.07461123376303
chr19	20397553	20696412	0.316162430291369	46	0.155490708360575	0.260641022582151	635	0.123900948576869	1	1	0	-8.3218914722853
chr19	20709137	21569339	0.0842690228810941	86	0.0569069127332196	0.898313258875836	3802	0.385959216530635	4	4	0	-6.78309112784264
chr19	21595971	24394059	0.15943928799794	277	0.110089484775278	0.545917426730148	6670	0.180821253971735	2	2	0	-7.05225835412059
chr19	27392054	35453165	0.399555827219268	806	0.101021041307249	1.24208378590889	29129	0.543870054425199	5	3	2	-6.76283650835724
chr19	35454173	39877640	0.49889307897542	787	0.0816476955494819	1.00778353111479	41050	0.389870889780842	4	2	2	-6.7341088557339
chr19	39877690	44927751	0.487627103082479	811	0.0866458050111103	0.944213498981781	41199	0.349801628916968	4	2	2	-6.82658967325904
chr19	44939092	45122351	0.196454463929438	25	0.0994849234808973	0.512649364170518	1314	0.156980393196527	2	2	0	-6.92623990965569
chr19	45128547	45669519	0.487008199946143	176	0.0934353236618368	0.914465740322599	6094	0.339753162400858	4	2	2	-6.76715707429289
chr19	45673147	48452373	0.153427999636619	410	0.096477500971422	0.584561636185775	16071	0.215027851535698	2	2	0	-6.73879048351906
chr19	48491762	48605389	0.0343914317581927	59	0.0400165804326981	2.04833206232998	2298	0.988034717303604	12	12	0	-6.73751477219089
chr19	48608679	48987778	0.124220558904016	106	0.109269700627814	0.895062168440778	4441	1.07410433823597	3	3	0	-6.73978378021135
chr19	48993765	49022552	0.0615000996849281	26	0.0335069223617128	1.51519251992781	596	0.475328899759159	6	6	0	-6.74045366744364
chr19	49023871	50346802	0.126054061591782	382	0.0852355284246093	0.739465622076013	13949	0.253802018113924	3	3	0	-6.80903768410415
chr19	50353683	50560855	0.0698706894375611	98	0.0496326893307211	1.29016370665991	3736	0.44020966054815	6	6	0	-6.74346054390811
chr19	50574968	51081855	0.0908316651146674	158	0.0854845834327821	0.96910053902907	4832	0.332452367528133	4	4	0	-6.73585622460998
chr19	51121015	51389552	0.157136508933659	41	0.0722292336600766	0.563754794054465	1603	0.21081999980085	2	2	0	-6.74214415379081
chr19	51401426	52220842	0.0907356040425883	171	0.0601498770201432	0.975477225598706	5586	0.337343958209068	4	4	0	-6.73591669627103
chr19	52268121	52749452	0.23499283774323	120	0.0842010694589992	1.17759645636787	4641	0.38155237788628	5	4	1	-6.74372925599952
chr19	52762247	53003544	0.172816607688229	154	0.0840071189601819	1.58469588490877	3811	0.636556612862941	7	6	1	-6.74280418254022
chr19	53004270	53245869	0.233361090504836	81	0.088836305627434	1.19865982345638	2601	0.398587878705731	5	4	1	-6.74460459886557
chr19	53250077	53567992	0.343033969444077	124	0.107107739496046	0.906672768053444	2801	0.267857944973961	3	2	1	-6.82047833415648
chr19	53571727	54943493	0.254743607948919	692	0.105192926644727	1.14318287848628	18479	0.384385485476499	5	4	1	-6.75263316794734
chr19	54944968	55759190	0.139206508076689	454	0.0891126875514939	2.01183562514503	18183	0.918752372370137	9	8	1	-6.73696376597889
chr19	55762412	55782880	0.498984195436965	11	0.137029061283961	1.88365625903363	431	0.51621627855177	8	4	4	-6.73312229496215
chr19	55783721	56683930	0.154456689907821	329	0.0789212472898055	1.8016316838122	9545	0.762887932900355	8	7	1	-6.73990287999795
chr19	56684604	57441031	0.116897269840288	262	0.0750821534397015	2.35476393194323	8819	1.23210979710617	11	10	1	-6.73588338072918
chr19	57443260	58586603	0.153166419925146	375	0.0878490297122875	1.97857883256549	21432	0.875545997235435	9	8	1	-6.73698243918888
chr20	96321	8188013	0.378966083379241	755	0.0979957118867622	0.790051229101145	23999	0.280899076519477	3	2	1	-6.73986091636133
chr20	8376666	13952829	0.422876939452679	287	0.104455290445501	1.29384639855166	9736	0.526909309467334	5	3	2	-6.79730491265379
chr20	13958987	25765073	0.496644839258243	605	0.0891759263347808	1.03928593291889	23580	0.399831450705243	4	2	2	-6.79795058572708
chr20	25773519	26208420	0.45878208044527	47	0.121855349408483	1.02870586731427	547	0.408871915869011	4	2	2	-6.8021283240051
chr20	28513642	31058190	0.439343099042602	762	0.122834534415174	0.927801532163046	3769	0.363005086383986	4	2	2	-6.94076780236698
chr20	31060316	31166641	0.266439336155941	73	0.141867316942411	1.44258505764649	663	0.683691098528152	8	6	2	-6.74260234787395
chr20	31244855	43673731	0.498890762087623	1071	0.0836531853252655	1.05634845938747	58927	0.420835713710511	4	2	2	-6.85573049863616
chr20	43681869	63436337	0.402595446170194	1993	0.0990605069261562	1.24732887648861	82731	0.502999116916031	5	3	2	-6.79941046709245
chr20	63475976	63754579	0.291375715796719	84	0.106796885382868	1.60262632100274	5272	0.567247831863217	7	5	2	-6.75142192719792
chr20	63757274	64281506	0.405182403695937	84	0.0994968487955897	1.24385184133117	4962	0.423881423049349	5	3	2	-6.74095429194534
chr21	5033884	10769869	0.498727312207305	703	0.130783461367286	0.610400192916169	4297	0.322050602969338	2	1	1	-6.76436890429374
chr21	13011376	17170030	0.157767913964461	163	0.134917405957707	0.642347489425556	3490	0.369336323904489	2	2	0	-6.85324369531303
chr21	17206624	20595550	0.376419985930259	188	0.0995047258443257	1.3946924280825	4417	0.77549831365467	6	4	2	-6.76093559261128
chr21	20612693	25317169	0.2390739112369	316	0.127158653170558	1.96765806971725	6427	1.93748715230569	9	7	2	-6.73616883373653
chr21	25320790	27695249	0.498706851786988	224	0.123865477233135	1.83325874256035	6499	1.04418790501434	8	4	4	-6.73319727638716
chr21	27695579	28838637	0.234874031692099	101	0.132397773754129	3.02833984356916	2202	2.26022187267565	14	11	3	-6.73341818510323
chr21	28861866	36070866	0.299209998389513	497	0.109316679603825	1.03241154108153	21099	0.470203915274376	4	3	1	-6.75305813633631
chr21	36127822	41928911	0.38715917302823	379	0.106611778345485	0.81480860710619	13675	0.301855856959588	3	2	1	-6.76608334596523
chr21	41993622	42815851	0.180794169430259	172	0.0803896254131403	1.57142553863775	5399	0.58719510715691	7	6	1	-6.73467408353828
chr21	42830868	43327560	0.248965467555845	57	0.076183831555496	1.14913100869698	1700	0.421641268172449	5	4	1	-6.73784262607014
chr21	43588075	43760499	0.499183319472806	23	0.0898662818670094	0.612099650447994	754	0.192883172517432	2	1	1	-6.7362103479716
chr21	43773877	43780371	0.122862759496861	9	0.0516884362739331	2.11352456780859	118	0.693887385862445	11	10	1	-6.73343939307079
chr21	43788450	44967191	0.383355030825644	226	0.0915839813725694	0.793999997754823	6280	0.469405981654882	3	2	1	-6.74267525278182
chr21	44969232	46021040	0.272875414407715	131	0.0893277516273888	1.12953014026265	4005	0.442094223054731	5	4	1	-6.80135916451163
chr21	46112542	46302215	0.498796012833472	103	0.119704181990392	0.673451780613989	2156	0.263747462564042	2	1	1	-6.76022800312894
chr21	46327420	46651810	0.251050218278907	108	0.0963161852746651	1.20494242030174	2790	0.415296937010086	5	4	1	-6.73488051007396
chr22	10684417	11068208	0.457971145383312	461	0.128203036435778	0.694432771334178	1892	0.307047895157669	2	1	1	-6.85853531273643
chr22	11068242	12801199	0.452519755340373	243	0.133983258734288	0.915589256680161	1670	0.377946225033093	4	2	2	-6.86391374202443
chr22	15509365	16553239	0.498640254574424	127	0.123153390758408	0.978908358403207	1132	0.416619236364341	4	2	2	-6.73478924552708
chr22	16554182	40638843	0.498924051061739	3127	0.08868532170325	0.988565884055894	121643	0.379504005933643	4	2	2	-6.74706558279442
chr22	40910831	50808384	0.399809036849189	1836	0.0989344883009458	1.26479367588781	60983	0.495320798456728	5	3	2	-6.80476202013237
chrX	256757	55211935	0.155749880479401	1912	0.109999614071991	0.585370185702966	83732	0.211080796663533	2	2	0	-6.82266110277312
chrX	55220532	58042596	0.4990676051736	81	0.091557359070694	0.895422537823482	2933	0.318129679867252	4	2	2	-6.93163396108489
chrX	63591249	66498813	0.49890456624882	55	0.0915968953938464	0.808452934642339	3630	0.291788151006917	4	2	2	-7.54248336435962
chrX	66550648	155889362	0.151668429617061	1737	0.10386207371947	0.580096699560989	103267	0.199403851647283	2	2	0	-7.2357706221467
chrX	155985262	156003570	0.32226115727526	16	0.129369867047934	0.604482273175101	74	0.172224253901674	3	2	1	-6.84750919579554
chrY	10796673	56886905	0.445234360008774	228	0.130960087273236	0.819324408623142	1131	0.355062779097858	3	2	1	-7.09235603080375
