chromosome	start.pos	end.pos	Bf	N.BAF	sd.BAF	depth.ratio	N.ratio	sd.ratio	CNt	A	B	LPP
chr1	591452	24090925	0.378327255793154	2017	0.103284826436398	0.849479154172745	87622	0.2816801407026	1	1	0	-6.79420750663809
chr1	24095460	24968082	0.334219349367305	129	0.103501943817645	1.59911281448088	4976	0.720014167364102	5	4	1	-6.73980180138788
chr1	24968116	80176554	0.498903418494243	2614	0.0864426638200769	1.03287066752048	154710	0.381378312053158	2	1	1	-6.96179528209419
chr1	80223406	87046709	0.304630390885981	409	0.103281978225747	1.68951321131069	15050	0.693339958962344	6	5	1	-6.74053735993645
chr1	87072517	88024916	0.411089842996192	29	0.0884012487930874	0.867766784807151	670	0.349657892779372	1	1	0	-6.74102916605181
chr1	88038172	96294560	0.300457428377508	489	0.11482342912764	1.76251938560097	26550	0.78579107345653	7	6	1	-6.75991106106477
chr1	96519809	106298705	0.376911959089894	259	0.0961774996055067	1.30397168221759	12682	0.530293174014548	4	3	1	-6.73639164164653
chr1	106412142	121497112	0.289783431004825	742	0.11061091169035	1.71670741239633	57126	0.881673850181372	7	6	1	-6.76615826822156
chr1	124377329	145502584	0.284174628851584	64	0.131585394409203	1.42193225655122	2848	0.579632342355493	5	4	1	-6.89115772402539
chr1	145518602	156037386	0.378576240428058	985	0.0965556347122878	1.3624160493614	65857	0.46191842508127	4	3	1	-6.7623996531679
chr1	156041653	248945585	0.498929121253599	4981	0.0867210555582159	1.01486448315131	222269	0.357274558965994	2	1	1	-6.82620336572626
chr2	692978	87075937	0.498920863614034	3059	0.0860729136656875	1.01530984161412	167952	0.366673880198792	2	1	1	-6.8203512396392
chr2	87099548	91987847	0.498702260794667	226	0.119926252986404	0.985065667138296	7453	0.331907262529283	2	1	1	-6.73915513070977
chr2	94190317	242183401	0.498937238290749	6468	0.0866820623341973	1.00090269397594	291474	0.349720492533886	2	1	1	-6.73365787685435
chr3	13132	90507212	0.34177579292737	2479	0.102799344361585	0.923121219233704	172375	0.308689751281399	2	2	0	-9.12124805305863
chr3	91404517	198119865	0.332406525376479	3688	0.103101172243089	0.90889945268836	177511	0.317355895647054	1	1	0	-9.53385679616287
chr4	46210	49092775	0.498914819285094	1989	0.0907881742238617	1.00258951185937	84122	0.3536646043305	2	1	1	-6.73463860155096
chr4	49102506	49711644	0.490254717090946	145	0.140493746537317	1.06528088677123	1138	0.408329514118059	2	1	1	-6.74465710584218
chr4	51838815	189941972	0.498916642245653	4062	0.0883893408171722	0.984154342653068	186210	0.41038592057729	2	1	1	-6.85671248145566
chr4	189948744	190179746	0.498625859218278	44	0.120115754160156	0.975566800647046	516	0.366833681039061	2	1	1	-6.73374054204588
chr5	163090	45816860	0.49887984890998	1410	0.0904603455595895	0.991471424281803	62390	0.366742806539275	2	1	1	-6.74816971390913
chr5	49600543	181184717	0.498913195076474	4275	0.0907714993199217	0.919413395284944	219794	0.344650688156876	2	1	1	-9.55961853644065
chr6	159973	29935172	0.428683878850183	1788	0.0916059902375303	1.20118838956176	71526	0.46875611295266	3	2	1	-6.83057965749993
chr6	29938947	58380586	0.429247490392689	2414	0.0906901882014502	1.21741398825045	117891	0.4020276970969	3	2	1	-6.96967941585695
chr6	60291702	170697568	0.498909983617514	2633	0.0878086322200853	0.993377556687453	164983	0.354929794201887	2	1	1	-6.75653667975183
chr7	119306	58091628	0.4989055126116	2378	0.0908980254881587	1.00939450853475	112670	0.363249128393691	2	1	1	-6.75587499650741
chr7	60958090	65812302	0.498754509847616	226	0.115519107632123	0.991954149860173	7560	0.349984427199715	2	1	1	-6.73466677783493
chr7	65812930	65822270	0.137479925410301	26	0.108715804526509	0.804451627928073	69	0.327899573703265	10	10	0	-6.79594772687432
chr7	65834577	158989893	0.498915444883727	4472	0.0952361967727879	1.00368190202897	220303	0.376427867641155	2	1	1	-6.73831126047864
chr8	213553	12137553	0.49887793910287	693	0.0943434718270196	1.00262258813308	17332	0.364060084022911	2	1	1	-6.73347324087694
chr8	12185274	12664387	0.253098632754006	84	0.130565828056617	1.03000514769728	859	0.380338942634145	3	3	0	-6.81679650552025
chr8	12703576	43542253	0.498891590738219	1318	0.0827525285241294	1.01097992623451	67158	0.369332321810361	2	1	1	-6.74914774745669
chr8	45952307	145072625	0.498926004026357	3460	0.0855962692747452	1.00494886210629	151718	0.366075815689126	2	1	1	-6.74373979835105
chr9	10368	42975562	0.331089462599038	1677	0.112699041825452	0.900989148029367	64237	0.329254183973065	1	1	0	-7.96471531741392
chr9	43115273	138220869	0.336434348362411	3509	0.101676713564269	0.925146525370629	180482	0.32057332400913	2	2	0	-8.9902800824882
chr10	47663	39131435	0.49889519502403	1867	0.0976397958975171	0.999068414387893	75728	0.385999017446961	2	1	1	-6.73325568720933
chr10	39967657	42280898	0.323745937352963	67	0.144469954026653	1.09776330460169	408	0.861441589306895	2	2	0	-6.7568289263131
chr10	42283185	133689399	0.498922667295039	4372	0.0907074957540202	1.00468935185938	196917	0.352019397092984	2	1	1	-6.74261535204674
chr11	192997	50512765	0.498923226290364	2998	0.0837954980740806	1.00329229949718	123534	0.329249209661073	2	1	1	-6.73606087453598
chr11	54591430	135057684	0.498926753546812	3599	0.0853312429803407	1.01891297468904	221909	0.334637732776088	2	1	1	-6.88014458563595
chr12	13488	34265856	0.498911257601231	2372	0.0848108021387145	1.01040174385466	87713	0.351048468048176	2	1	1	-6.7507912832912
chr12	37418148	132821865	0.498927775695776	4673	0.0888713984426515	1.00443083783116	258061	0.35006772095432	2	1	1	-6.74206315631034
chr13	18177561	114299210	0.41311537431639	3379	0.0968623592789707	1.02276041342178	136969	0.38745516508417	2	2	0	-7.24463994118854
chr14	16037128	16402213	0.498906344577934	4	0.174036394661193	1.15795692725994	43	0.66522266982039	4	2	2	-6.74153829444526
chr14	18329957	19893584	0.276020390178755	111	0.102085828898611	0.987393956117118	2404	0.31754291557148	2	2	0	-6.96140733932171
chr14	19921715	106865837	0.498922972028454	4125	0.0885611981151906	1.01602171857302	209966	0.35694558627248	2	1	1	-6.83429537214465
chr15	20003753	58969506	0.427018569471412	962	0.110760483172888	0.897735742605995	94147	0.31365046712275	1	1	0	-7.65660178434682
chr15	61855008	86030661	0.498880690811303	847	0.0888802837406746	1.03518149832398	78475	0.361965340024733	2	1	1	-6.86234660627924
chr15	86032582	90698085	0.378877620013698	216	0.0988090624080276	0.829904430828995	11275	0.28648055316984	1	1	0	-6.7789410805568
chr15	90748355	101954140	0.487508801855532	628	0.0864659967927702	1.01442355914152	19406	0.37053882383449	2	1	1	-6.75549344535612
chr16	11651	32918643	0.498912473343991	2612	0.0913081692281405	1.03682411178226	140076	0.359954506707484	2	1	1	-6.92562399076856
chr16	32956409	35591612	0.432829452740464	87	0.116811038712256	1.05325000513592	2839	0.391721160617496	3	2	1	-6.8277792479797
chr16	46386256	46401496	0.49363980895103	68	0.108988444909508	1.27179248373945	1248	0.289913520895473	4	2	2	-6.735223240542
chr16	46401545	90095477	0.498909794509202	2429	0.0854607310111545	1.02271373471814	129001	0.3581939280474	2	1	1	-6.83410076362282
chr17	137603	20488587	0.49890756812665	2148	0.0830443173040356	1.04046775409596	105125	0.346733479440869	2	1	1	-6.88854118647765
chr17	20488782	23016365	0.42911005846486	372	0.102271085756853	1.03068719896385	5292	0.395419493642743	3	2	1	-6.86586036382031
chr17	25389924	83158687	0.498920658791528	3827	0.0906313827803389	1.03662464632512	253174	0.355257606233859	2	1	1	-7.06819951089895
chr18	47492	15341512	0.498873349365007	841	0.0934181205472928	1.00801692735978	30722	0.389833275654487	2	1	1	-6.73692470896218
chr18	20946254	80250451	0.498893402473028	1740	0.0880307462993783	0.993696007796393	80895	0.365035354880209	2	1	1	-6.74392483367266
chr19	273592	24394022	0.498931055450113	4540	0.0868352538563003	1.03081017365324	192119	0.356398531990046	2	1	1	-6.83596677424676
chr19	27646333	49462824	0.498916250473519	2445	0.0893063889536614	1.03384761186658	133735	0.498767194962005	2	1	1	-6.79072059818738
chr19	49462859	49463429	0.151533193743025	9	0.0410105000104987	0.955242947164366	24	0.338918225248801	10	10	0	-6.73735447582467
chr19	49464423	56816135	0.498903879611102	1730	0.0876953332226056	1.03266156775336	63573	0.321490452513077	2	1	1	-6.77677482815938
chr20	96321	26132933	0.479013086274986	1381	0.0855882367671932	1.01070521894261	51366	0.356850366936549	2	1	1	-6.78266091364453
chr20	28559257	64327831	0.498905637262301	2874	0.100451728100828	1.03143742873156	114044	0.469882753231636	2	1	1	-6.8245730282557
chr21	5034028	10739746	0.338369708600435	691	0.12139559782881	0.977805419825048	4793	0.40756660661767	2	2	0	-6.74354041695193
chr21	13000333	13010915	0.13188668516122	10	0.095500785337085	0.962686884758702	38	0.377718490650421	11	11	0	-6.7749369075217
chr21	13011376	46658699	0.498903858266703	1757	0.088178023498624	1.0040104459668	66129	0.359778322016391	2	1	1	-6.73556845411251
chr22	10684460	12816364	0.40088258412007	676	0.122693378475085	0.999751415875405	3647	0.428744501606181	2	2	0	-6.87724669506509
chr22	15562384	16136832	0.255302127046262	30	0.096748762206582	0.96694073868557	533	0.443475144612614	3	3	0	-6.8808006125556
chr22	16137169	50808384	0.498910172027972	2741	0.0889585629859199	1.02528606581766	143312	0.354510685287026	2	1	1	-6.83427106641372
chrX	278607	52862789	0.39834553699686	511	0.108184895067024	0.984849109153101	45953	0.330742220718411	2	2	0	-6.9694971801225
chrX	65956689	155985430	0.498589148163171	42	0.121266729272044	1.00314495080636	63487	0.309604132379678	2	1	1	-6.73851659831703
chrX	155985435	156010165	0.285791957736826	9	0.0717530487157166	0.657099751580303	127	0.20991306816865	3	3	0	-6.84611377467484
chrY	3852176	3852423	0.27408143710375	9	0.120989668980455	0.727443227295386	15	0.16361985558867	7	6	1	-6.738130662515
chrY	10796678	56887153	0.434622277917734	316	0.124120930283892	0.698098625040521	4284	0.299715600436793	0	0	0	-7.09964558890323
