chromosome	start.pos	end.pos	Bf	N.BAF	sd.BAF	depth.ratio	N.ratio	sd.ratio	CNt	A	B	LPP
chr1	69511	34039880	0.329162077105182	4103	0.107373523517817	1.12629705522474	154476	0.381822635290228	3	3	0	-6.89413971147146
chr1	34054444	121568587	0.498868771383468	3470	0.104701774714841	0.925107932197214	168554	0.314588164267698	1	1	0	-7.77674135151487
chr1	123926416	146991176	0.424227197533273	77	0.13008301939293	0.894497024200804	6016	0.304884614608288	1	1	0	-6.75796260936711
chr1	147025931	248945585	0.498923591740245	6134	0.09482104570084	1.02273917290137	252759	0.33568376673442	2	1	1	-7.27105608344791
chr2	41366	92006082	0.498892415241504	4251	0.100135883475381	1.07960528827589	174431	0.375152164725957	3	2	1	-6.92259077651125
chr2	94190317	242183350	0.498916546265685	6135	0.0975857211949809	0.992260938743073	268151	0.336036847694059	2	1	1	-6.73881550931389
chr3	10374	90613961	0.49891303551555	3997	0.10038488268201	1.02458641523599	177395	0.343722405270399	2	1	1	-7.24298940526301
chr3	91404436	198119765	0.498876158711584	3959	0.10844925210493	0.92603947781416	168912	0.321904824651659	1	1	0	-7.92585183683016
chr4	46210	49023704	0.498877765664569	2392	0.101599413101814	0.966582738766675	77955	0.339951752848722	2	1	1	-6.87060242452993
chr4	49092775	49711644	0.352148283119583	144	0.13860785504644	0.987598453637046	1447	0.368732949029545	3	3	0	-6.76211480144124
chr4	51837352	52885765	0.451501958647388	48	0.108515245521716	1.24316528789494	1854	0.483111655375175	5	3	2	-6.74239932619318
chr4	52956255	54220977	0.247512139350857	90	0.09246343947988	1.99632915892336	3063	0.829345797187746	12	11	1	-6.73422870927278
chr4	54221414	54894731	0.136235782343137	85	0.0807744291428998	3.43743848911979	2912	1.43152300541738	20	20	0	-6.73971001439016
chr4	54936983	190179679	0.49889493362758	4691	0.104052607229008	0.894304935244758	157160	0.314034390716575	1	1	0	-6.98746288158024
chr5	58699	46381447	0.498868870774316	1695	0.101661211641438	1.02699929926706	59827	0.357066400023141	2	1	1	-7.01918133935214
chr5	49601562	181247152	0.498895743625407	4844	0.102479807737113	0.950504884161002	213239	0.327817777221922	2	1	1	-7.73787533246202
chr6	231223	32473401	0.498901273140532	2389	0.0980482733523134	0.994280606010863	80047	0.333657421696667	2	1	1	-6.73698987896154
chr6	32473416	57476887	0.498895047736118	1747	0.0948936168192875	1.00240358790317	72333	0.31861227687132	2	1	1	-6.75747611268621
chr6	60254368	69713847	0.498876549113628	136	0.103399158614462	1.1573519165289	5836	0.430490762160843	4	2	2	-6.76833862484317
chr6	69738101	72895214	0.331346105592216	134	0.104932428519711	1.64749178231303	5805	0.600801270278945	9	7	2	-6.7583342031948
chr6	72923028	73322094	0.158747527684676	28	0.0833529103988437	2.73999141963841	2138	1.26680611247712	16	16	0	-6.73509352993538
chr6	73346178	170640022	0.49888358163586	3897	0.10713530558652	0.883276233895448	133026	0.315853220423055	1	1	0	-6.9056355510028
chr7	35411	58100473	0.498907590547043	4192	0.0946893067347474	1.20267569807192	121257	0.449804882817574	4	2	2	-6.73643237429287
chr7	60958067	151606543	0.498900816190256	5951	0.102177557481206	0.993553121666233	198258	0.350847913210033	2	1	1	-6.74015273238242
chr7	151610274	159263155	0.463773446436032	488	0.120176326830261	0.888485446254559	13750	0.31733691130602	1	1	0	-6.75431872703907
chr8	213387	43438973	0.498887637123157	2550	0.0981114824748237	0.991368197857583	80308	0.34896277341503	2	1	1	-6.73379398016968
chr8	46035950	145055416	0.498898071209433	3675	0.0988565550489498	1.00234920844583	140592	0.352622964415853	2	1	1	-6.81052722949941
chr9	12704	1140535	0.498963821025051	107	0.0973363145896461	0.724391974232156	2218	0.257523833819757	0	0	0	-6.79182078333383
chr9	1147359	42877861	0.4988335102581	1981	0.113299255216074	0.966013035135904	62267	0.344629605944916	2	1	1	-6.85322446547401
chr9	43242650	90127547	0.352820153967196	1024	0.115704780984674	1.0319674158908	38682	0.372202453579206	2	2	0	-7.14907733686061
chr9	90206898	138175541	0.431750165132564	3571	0.10321451333831	0.907872083447389	136910	0.299807113638468	1	1	0	-6.92813479152651
chr10	47876	35697969	0.498872052340562	2044	0.104929210847328	0.829807807039255	60675	0.305471425005024	0	0	0	-7.45407713061605
chr10	35716864	39475690	0.393491307398025	169	0.125062555212414	1.28903386001624	5128	0.589175129484229	5	4	1	-6.74035399877816
chr10	41859763	133787106	0.498911199592436	4924	0.0994442717739619	0.949809458635953	180866	0.323197711230073	2	1	1	-7.5116026261212
chr11	197557	50512765	0.498912924752872	3206	0.0936957768121929	0.968454906553689	113144	0.312228286139381	2	1	1	-6.87406527684445
chr11	54603136	60893229	0.498843702371506	318	0.0867873068756262	0.918194129190636	15793	0.275433333129941	2	1	1	-6.99986368581853
chr11	60921973	63791131	0.413381715480121	391	0.0992254124914445	1.26671005674128	21534	0.376954784636311	4	3	1	-6.77114592077264
chr11	63795114	66449204	0.49883988295208	465	0.0906719922466443	0.935356155097325	22289	0.265444773048164	2	1	1	-6.80407770722238
chr11	66455687	70300813	0.403036130174596	516	0.0964935670691986	1.32793883753501	23591	0.430133138116588	5	4	1	-6.77147820570234
chr11	70332993	75551448	0.314891964829331	446	0.103592455058754	1.58347397447104	27234	0.561645718133048	8	7	1	-6.74012798682178
chr11	75560368	79735324	0.234175409975587	353	0.0984747293719443	2.1552083483981	19411	0.82594969568976	13	12	1	-6.73372716077281
chr11	79793741	97286963	0.494083481094731	423	0.105105934248817	0.889426997888517	19335	0.303778775263437	1	1	0	-6.88245753561566
chr11	97616431	109129033	0.166102233657893	1036	0.0917779088465962	3.02002407338546	39194	1.44180165779619	20	19	1	-6.74627129722955
chr11	109288355	135028117	0.464692642768011	1525	0.103613259293386	0.897495387111116	55961	0.292923988799124	1	1	0	-6.7947856022801
chr12	12728	32732700	0.498892330030064	2236	0.0988904577342854	0.951057775362493	78200	0.317606697667975	2	1	1	-7.02536257140634
chr12	38134084	133262441	0.498920093216537	5595	0.0948308700906788	1.00277317066341	244880	0.337767138075115	2	1	1	-6.81948500933894
chr13	18177561	114346352	0.498886933334145	3453	0.10172125504633	0.924925152770787	119138	0.330198353206391	1	1	0	-7.7782551865792
chr14	16098268	16402273	0.425736764949824	4	0.0474411916657525	1.09731163063097	24	0.468216224591817	4	3	1	-6.78082035357327
chr14	18330642	19680240	0.370218232861128	68	0.140154379951148	1.03647176502472	880	0.346749059581066	3	3	0	-6.75724887327057
chr14	19733402	106874941	0.498908260058931	5247	0.0958181312832429	0.997388411838745	200196	0.3445543008185	2	1	1	-6.76012885851255
chr15	19848395	22585927	0.299835787319493	434	0.119219668623346	0.987256860946443	4669	0.313394234321412	3	3	0	-7.03984928535482
chr15	22608113	48249798	0.430018763638424	1846	0.106174727726653	0.892712434896727	66766	0.298702518788638	1	1	0	-6.75060422416287
chr15	48251855	101876423	0.412389021568044	3392	0.106166028110858	1.01582337961143	138965	0.344460129041609	2	2	0	-6.92920958768651
chr16	11641	35645048	0.419066230108552	3319	0.110945163038107	0.906679582380165	126030	0.298812902678309	1	1	0	-6.88577830689665
chr16	46386441	90102279	0.426467886114263	3450	0.105748796054284	0.888728949418765	115377	0.297865154495776	1	1	0	-6.74835914855187
chr17	132095	12474478	0.430359928623444	2029	0.10506964830091	0.899451211354823	65252	0.288937609238397	1	1	0	-6.76061197482238
chr17	12508989	12740251	0.246028945706468	28	0.0938763399146302	2.20607078148364	810	0.920686281579065	12	11	1	-6.73448795486137
chr17	12767026	22129947	0.49885563713778	1214	0.102560245962705	0.989079468947045	32366	0.333190527470693	2	1	1	-6.73311784558794
chr17	22129953	22661501	0.424023805289442	68	0.0880277163232619	1.18358092574991	829	0.425024925338188	4	3	1	-6.74228674035687
chr17	26603729	81378362	0.498913103928879	5221	0.0964166663448552	1.08361737250859	236876	0.36483382719461	3	2	1	-6.88927066464218
chr17	81384878	83135759	0.376579944588696	480	0.102535218926912	1.04463876373684	13600	0.313009940391686	3	3	0	-6.77612628210237
chr18	49125	15341512	0.437813494344295	1092	0.114047339777497	0.966601000027378	29344	0.348162587341579	2	2	0	-6.85794291179874
chr18	20954676	34997581	0.499033624937976	442	0.0895286654220875	1.04026960854776	23351	0.376160339667975	2	1	1	-6.87808299121444
chr18	35005403	72328684	0.413392163193342	1413	0.0964370669935079	1.27066389084495	53860	0.458982637593778	5	4	1	-6.86293475540524
chr18	72404717	80174696	-6.7437033215656e-05	362	0.084963591807217	1.08794889083248	10233	0.381316679792259	4	4	0	-11.1380357382391
chr19	107381	24394204	0.498922006394954	4657	0.0941917816770381	1.03656959901669	180238	0.34090439886882	2	1	1	-6.99141264907289
chr19	27392054	58599093	0.498923923346198	5468	0.0954066796102234	0.994429167483854	196870	0.312183463751796	2	1	1	-6.73767633370677
chr20	82090	26081167	0.498888460249018	1440	0.0977832342022439	1.00042221556362	49480	0.340740791270788	2	1	1	-6.74899207620639
chr20	28559257	64322547	0.498891746561886	3122	0.10577487500917	1.03244785680967	112849	0.35014914794738	2	1	1	-7.03228061657665
chr21	5142460	10739816	0.411850925659572	757	0.121293991458349	0.963865773102434	4795	0.336693967170133	2	2	0	-6.76506797227735
chr21	13003080	46697396	0.498890673432758	2098	0.0979082327289714	1.10508713813156	67798	0.39201124667376	3	2	1	-6.87944961146691
chr22	10667047	12813658	0.456480925174303	752	0.121440669860989	0.984921602022153	3543	0.347592446508455	2	1	1	-6.80934681097059
chr22	15563763	50808384	0.498896438443203	3778	0.0990352136388849	1.03630640873534	143377	0.353613620683909	2	1	1	-7.07295777624624
chrX	255744	52862624	0.498789693493997	695	0.11689207248834	1.01623259352642	44467	0.335301407793187	2	1	1	-6.92499220282884
chrX	65956625	155990989	0.498662460157919	54	0.122505853480424	1.03859395927939	59043	0.320722300680377	2	1	1	-7.76164453125258
chrY	3852176	10098827	0.433300106609808	16	0.0818930196455514	1.01384152928148	1342	0.365707967500491	2	2	0	-6.87786125239784
chrY	10796678	56887153	0.377263679545643	367	0.134804490085429	0.966432354419103	5178	0.332632166496347	2	2	0	-6.88035642163065
