chromosome	start.pos	end.pos	Bf	N.BAF	sd.BAF	depth.ratio	N.ratio	sd.ratio	CNt	A	B	LPP
chr1	101895	121497112	0.498927386139882	8125	0.0935834119603715	0.90862804911736	326588	0.305915470495513	2	1	1	-7.1014974767933
chr1	125015362	125179850	0.398680543082309	9	0.15354396764445	2.87318275848519	190	3.05977947889746	10	6	4	-6.73512476120807
chr1	125179952	143264771	0.121401441480725	41	0.172066790775573	3.27103311026253	1295	1.575474509803	9	8	1	-6.74434948661159
chr1	143281112	248945478	0.361216425199344	6124	0.0999579138602275	1.24967107512955	335970	0.431215601969139	3	2	1	-6.95228594910002
chr2	37923	90315865	0.498904697232197	3698	0.0977522006483645	0.91016950982637	169889	0.316095501662365	2	1	1	-6.95780777126672
chr2	90381645	90401169	0.116780356328464	21	0.142607152695789	2.458510158156	318	1.6653846375545	11	10	1	-6.73453674630474
chr2	91467353	92012900	0.364161803061699	93	0.116199896077954	0.881956384726886	1149	0.318322537673061	3	2	1	-7.15474049481978
chr2	94190317	242183317	0.498921670549976	5871	0.0941016568511343	0.929828463130503	285203	0.311965341294011	2	1	1	-6.73346266053288
chr3	10374	90202519	0.498913831962624	4147	0.0923609117228464	0.915821897271675	181874	0.305933528465779	2	1	1	-6.85316804035627
chr3	91404436	198120733	0.498914130703584	4205	0.0932181348170463	0.9222823612883	187142	0.319545684616984	2	1	1	-6.76841698404143
chr4	14018	2376042	0.363458113738872	311	0.10077457407811	1.26376462409358	14711	0.401862358852333	3	2	1	-6.73497907077254
chr4	2403956	39423059	0.2001058091585	1211	0.118005774080855	0.594746859808791	38700	0.234244115784144	1	1	0	-7.11848677965434
chr4	39481299	40792443	0.424505205206913	128	0.116876537423043	1.14175821142759	6068	0.502266383404426	3	2	1	-6.9400212074085
chr4	40807628	48960240	0.195216944497427	198	0.113323985517114	0.59867946193629	8918	0.224229369672332	1	1	0	-6.87318699658965
chr4	49092775	49711888	0.436923932264246	210	0.141484081419274	1.27484488868161	2344	0.677452139383286	3	2	1	-6.89541370413482
chr4	51837444	81683582	0.498872986588763	869	0.0945257063973795	0.962283753941495	44795	0.351120132849877	2	1	1	-6.90532465496556
chr4	81763735	83906218	0.230076420677215	89	0.141333335039766	0.566999941582672	3831	0.222670323051324	1	1	0	-6.77945818439982
chr4	83924913	89090208	0.196506634974216	149	0.129233687910922	0.786121007861969	9453	0.317102340377918	2	2	0	-7.69422867735052
chr4	89112983	102834462	0.206119617626815	289	0.122712413818612	0.614253703542136	11024	0.238619711406173	1	1	0	-7.280845339425
chr4	103589609	160541571	0.498886450209925	1336	0.0947714049305688	0.933999094198148	72804	0.333464066537881	2	1	1	-6.74108975197671
chr4	160667850	178450020	0.168299460354672	391	0.121432576683708	0.580057109815697	13501	0.241094637066805	1	1	0	-6.76729692853641
chr4	178636792	190179679	0.498831714302033	619	0.102915480888104	0.932241712973601	18234	0.354391607226202	2	1	1	-6.73367698705031
chr5	163654	1036406	0.391390680497188	106	0.0840452328690591	1.26787331090354	4700	0.355942989693505	3	2	1	-6.80450895721203
chr5	1036785	1293971	0.189174361848946	61	0.0852757693052434	2.40721674362956	2748	1.24316033798667	6	5	1	-6.74013934187277
chr5	1309789	2788292	0.356296963903186	77	0.127422635448365	1.04436184387193	2580	0.505870642207977	3	2	1	-6.87702951997368
chr5	2862267	5955241	0.125888867000393	87	0.0916815992308711	0.902944090212259	2523	0.330558551001405	2	2	0	-6.7494768296855
chr5	6009843	6966443	0.498765584276268	82	0.119550712165521	1.61703441409126	2148	0.73631092418773	4	2	2	-6.73322987076368
chr5	7044908	7948790	0.294861064821942	74	0.126372879174656	2.10045838921334	2663	1.48505768475938	7	5	2	-6.75102850372074
chr5	8012597	10583289	0.152964873154593	34	0.105555237670347	0.58055027957702	1939	0.20802069970415	1	1	0	-6.82251441735701
chr5	10616316	13042854	0.363019127936315	70	0.109626024361879	1.43683513644519	2551	0.746268724508769	3	2	1	-6.76668362317734
chr5	13628334	13927976	0.134613131862209	58	0.0733516338601783	0.965420380155155	1465	0.281086641257984	2	2	0	-6.76006524181514
chr5	14001678	19473743	0.274897643826822	213	0.119325288572327	1.68430878414694	12538	0.708729377387254	4	3	1	-6.74224112311699
chr5	19630308	20569605	0.119864012769255	24	0.107221699080098	3.447123163531	1881	2.30884527100296	10	9	1	-6.7345923802845
chr5	21067501	23441628	0.262142827143607	65	0.128456306175111	1.5504514189869	2857	0.815502145072484	4	3	1	-6.75659395874893
chr5	23569416	28676572	0.155963976324271	245	0.0953073745872758	2.92517097396453	8056	1.95408458889658	8	7	1	-6.7352064407466
chr5	28682664	31127688	0.296552307108618	61	0.10570414687545	1.60205125466298	1901	0.92787805921301	4	3	1	-6.74208346331947
chr5	31132906	31766417	0.192011890918924	84	0.092050311768781	2.64264299922741	3770	1.41227804155415	6	5	1	-6.73871371949143
chr5	31766596	32491732	0.247558415949801	155	0.105164479070399	1.76707670176673	5280	0.734441583194705	5	4	1	-6.7547430471487
chr5	32497113	32983060	0.49795026033852	49	0.0684222148851959	1.0358070118373	901	0.423255592580459	2	1	1	-6.75268788144002
chr5	33169155	35753613	0.228293004733926	213	0.108351476365967	1.82108143577039	8144	0.769252594189472	5	4	1	-6.75471663237169
chr5	35760137	39154884	0.498957813549601	178	0.0981876234633666	1.21646656631631	10122	0.502776553860647	2	1	1	-7.26710510993677
chr5	39172152	40427281	0.224509452695197	50	0.10681277917889	2.09566780374024	2410	0.918510073914218	5	4	1	-6.73986958877836
chr5	40445852	46206931	0.356810601098819	161	0.109434487194749	1.3013308361111	9417	0.692742048564153	3	2	1	-6.73610173975286
chr5	49599709	49666671	0.469019814185511	69	0.126528467593974	1.18538308211455	750	0.484791005077818	2	1	1	-6.77890031420859
chr5	50429075	59879223	0.498838336502443	358	0.089425466054136	0.91692339548172	13158	0.34464526700224	2	1	1	-6.7416305470012
chr5	60157881	63483867	0.188467241403976	81	0.112388588179968	0.568116391878455	2935	0.19900975271062	1	1	0	-6.74413665708374
chr5	63784419	181281750	0.498919158733878	4916	0.0909467514294978	0.921299241858612	213398	0.314044731174263	2	1	1	-6.78542770134124
chr6	231351	1624277	0.185950417367931	78	0.145249149800663	0.620308574334152	1782	0.217406046383018	1	1	0	-6.82965429576123
chr6	1639566	44354197	0.258781141641143	4037	0.103444216939097	1.72516426517217	224294	0.655841585608861	4	3	1	-6.93392467899717
chr6	44360248	46459132	0.172447170889148	162	0.0906927570158717	2.65532574292064	6152	1.22057456490153	7	6	1	-6.73321408421525
chr6	46461904	48411042	0.269296149229683	164	0.101270251178489	1.81163988235075	6605	0.587870386196578	4	3	1	-6.78101317191482
chr6	48480539	51193844	0.170714519714369	164	0.0802903016887102	2.68665049034203	6486	1.34746426621203	7	6	1	-6.73330673515731
chr6	51280796	55056701	0.118134509410092	622	0.0705866889590813	3.83590824926632	23927	2.01238400378174	10	9	1	-6.73710095669404
chr6	55126485	58316133	0.499142896997587	137	0.0979726014529872	0.932168981047244	6193	0.278528660330211	2	1	1	-6.73331840200179
chr6	60299763	170597974	0.498912242109305	3854	0.0934190755452356	0.921031772085745	163032	0.321580467034057	2	1	1	-6.78318205367928
chr7	31439	58091557	0.498906450516806	2977	0.0987956086808831	0.922544255620395	110707	0.327285477820006	2	1	1	-6.75011028275214
chr7	60958050	87462869	0.202073197913231	892	0.127648395293617	0.551509254905987	37433	0.211765088584637	1	1	0	-7.34590094894065
chr7	87498524	152231395	0.49890924922971	3367	0.0927276822406188	0.904741417351134	153174	0.308812794507499	2	1	1	-7.01080286729101
chr7	152241498	152665780	0.327450334811047	129	0.120223984478133	0.849881982252282	1747	0.328743961470861	3	2	1	-7.15733697865541
chr7	152666907	159232749	0.498855377613419	420	0.099841285885722	0.937858675015412	11352	0.328696271099563	2	1	1	-6.73620811360554
chr8	281648	12664413	0.498867510607195	840	0.106315424023623	0.935982995934105	17837	0.325339489404623	2	1	1	-6.7367548684092
chr8	12767175	43510803	0.498896364292161	1344	0.0887495155456703	0.904103779064076	64393	0.32124589673636	2	1	1	-6.86471041880572
chr8	47157274	145066250	0.498911088416728	3237	0.0912972928056085	0.923154199921534	147773	0.327022002143524	2	1	1	-6.7568102756743
chr9	10416	39055125	0.198553187759423	1152	0.12180125284845	0.566809409902056	47371	0.201061974368629	1	1	0	-6.88451582950503
chr9	39062186	42975562	0.498637007464932	250	0.140399175560229	0.673531119830683	2230	0.326674059944297	2	1	1	-8.42851019351747
chr9	43038706	66782977	0.290865655338006	149	0.136827254350526	0.656272325246022	1708	0.266444298246471	1	1	0	-9.29694275219607
chr9	66793021	121622200	0.194189685353194	1696	0.113687776079424	0.576257266687437	74934	0.2001775499996	1	1	0	-6.73308603603081
chr9	121644222	136474610	0.328116961465056	2177	0.0974382935227606	1.40958325266849	93800	0.480223653790987	3	2	1	-7.13281927616324
chr9	136476890	138176517	0.498858369678669	238	0.0974025493590183	0.921747499757029	14528	0.268066490728328	2	1	1	-6.73404441294837
chr10	47663	39475690	0.498893962359322	2063	0.0930495709688246	0.908980273167836	74590	0.330839819644041	2	1	1	-6.83643421020286
chr10	39967657	42279703	0.367008221686953	95	0.136145493119503	1.37447813775639	847	1.00333459592982	3	2	1	-6.74036523868612
chr10	42279754	133689420	0.498917791472559	4032	0.0951792540761512	0.916836065078452	192053	0.312132778909402	2	1	1	-6.83323131024305
chr11	198062	9556626	0.498906313534026	1274	0.0848662857226214	0.927249691207728	45554	0.257171128203192	2	1	1	-6.73352333511212
chr11	9560808	9712980	0.498354473511213	15	0.163693296252764	0.80902189591336	517	0.291844391121008	2	1	1	-6.753598103747
chr11	9713398	50512765	0.498889926014314	1522	0.0870003289390146	0.923384439332652	72803	0.313969810841553	2	1	1	-6.74306569692415
chr11	54592419	134773395	0.498929512918724	4172	0.0881640525048585	0.90919549378038	213312	0.287956092094181	2	1	1	-6.99729564965906
chr12	12867	487825	0.225595563764088	91	0.114033904518487	0.576246322960571	1750	0.203823155864631	1	1	0	-6.78004700816787
chr12	503943	8125585	0.260373047744267	1193	0.0973374742605862	1.72421353494355	49836	0.61940480654189	4	3	1	-6.801534343778
chr12	8138363	18255058	0.250380170991964	863	0.105883411815668	1.91140380654719	40220	0.827066843295332	5	4	1	-6.76185718622314
chr12	18265695	20974995	0.131529040912366	201	0.0943148593094808	3.084688336371	11559	1.94821970164357	9	8	1	-6.73885177012434
chr12	21164857	23584632	0.16924903136613	212	0.0964903470978964	2.48121944100607	8980	1.4542390672735	7	6	1	-6.73835343839824
chr12	23604230	25182978	0.498767093509883	81	0.115844029615388	1.14844596320532	2504	0.619950937052392	2	1	1	-6.84165776050453
chr12	25190582	26725833	0.187919421335387	176	0.102524950241772	2.56342196452776	5970	1.34048846254291	6	5	1	-6.74350043193008
chr12	26748398	28484182	0.49871308276554	90	0.109081197923036	1.00212634188168	3885	0.440019567302344	2	1	1	-6.76362118441109
chr12	28535758	32039053	0.159401159711623	676	0.0809589893556244	2.93272129636692	21068	1.48951963833945	8	7	1	-6.73887009080182
chr12	32039222	34252502	0.12439652557664	560	0.0812408030337094	3.46970507577563	13317	2.33005993766003	10	9	1	-6.73458459625043
chr12	37555474	133224617	0.49892024804789	4801	0.092002085737853	0.90129189078474	249317	0.306006676065155	2	1	1	-7.25668385605055
chr13	18177561	114353804	0.49890067321871	3122	0.0968381419394771	0.932052169888084	133461	0.335088203972613	2	1	1	-6.73776494144518
chr14	16098225	16402213	0.497788131127786	5	0.235418138638466	0.883705789032759	22	0.299105871742469	2	1	1	-6.73822676602473
chr14	18289828	19936608	0.33125627990414	172	0.116486835086794	0.936398840305518	3046	0.301950718742397	3	2	1	-7.69148329829367
chr14	20033961	106802973	0.498923067544784	4354	0.0934294227613694	0.913774359524099	202415	0.30457442614746	2	1	1	-6.88734865484101
chr15	19865988	23462694	0.498737077549486	521	0.125898559877785	0.888537272649249	8711	0.308866795515579	2	1	1	-6.77815239752421
chr15	23478602	34043029	0.498869991527704	769	0.0980152598913568	0.944910956651469	22377	0.317882344272567	2	1	1	-6.75058136725142
chr15	34089684	52295683	0.190436568916799	721	0.110503156985701	0.566221482837075	44225	0.187154081233612	1	1	0	-6.82600766986412
chr15	52751548	101951325	0.318641000757687	3690	0.102842226339862	1.41513379476142	176457	0.513960467179626	3	2	1	-7.76522654880737
chr16	19823	34266408	0.498902264913897	2490	0.0964829703533955	0.89339303513052	132140	0.296336958758346	2	1	1	-7.07516740432958
chr16	34571745	36162586	0.456477048647582	71	0.124220879733524	1.70092081690983	2139	0.956711780064906	4	2	2	-6.80739932513937
chr16	46386256	46401545	0.478057635564222	61	0.114176454847442	2.36966729289226	1745	0.652993844861104	15	8	7	-6.75301248458638
chr16	46844055	90166424	0.492385442800979	3102	0.0931283313322273	0.903982978086391	122755	0.303655933475978	2	1	1	-6.94395771381706
chr17	137603	6830353	0.498898259110919	984	0.0954975680256041	0.881739818663531	37288	0.292578061939445	2	1	1	-6.85960441056072
chr17	6838562	13763094	0.207995560922814	541	0.114588386269961	0.560954854654617	25583	0.182321495242904	1	1	0	-6.83036226598374
chr17	13799057	25074523	0.498853507835923	1139	0.0984662361480254	0.916003563116338	30988	0.311269524588613	2	1	1	-6.74746892541951
chr17	25389878	46091542	0.498892532825277	1489	0.0934332800575354	0.886846946318911	96076	0.286478741789101	2	1	1	-7.04631613036167
chr17	46134589	49398873	0.188656237336757	173	0.10974182175388	0.5554374890003	9384	0.195953118495726	1	1	0	-6.80172908682132
chr17	49405591	78707968	0.454222981284119	1912	0.0985227089335511	1.00646171332472	111521	0.347983306564197	2	1	1	-7.66611988384686
chr17	78727479	83170297	0.199797818658938	738	0.110191429446848	0.577461265760447	19534	0.180629939515467	1	1	0	-6.73539121484838
chr18	48121	110627	0.493987050980542	17	0.145387641071965	1.6645538564229	598	0.587581613541188	4	2	2	-6.73408957143775
chr18	125247	15365250	0.498874747277213	1008	0.0955486326571598	0.901196709672844	29581	0.321563247611047	2	1	1	-6.81507598127236
chr18	20944336	80250991	0.498889890607496	1776	0.0938057378157188	0.912502471873654	80151	0.324772930663669	2	1	1	-6.84266797224323
chr19	107400	24394203	0.498912117145434	3718	0.0932301060109741	0.873839942829077	174351	0.27639103187589	2	1	1	-7.37925736307273
chr19	27918985	58455601	0.498916461802031	4553	0.090411615540941	0.883370120642523	194242	0.268570113972626	2	1	1	-7.32245451951657
chr20	101574	26271007	0.498888497181072	1442	0.0925139800018766	0.920316773648203	50137	0.31807042414074	2	1	1	-6.74756177114651
chr20	28559257	31065268	0.493763946535708	700	0.12438665730303	0.913777698971989	3503	0.339287495202179	2	1	1	-6.7382171930203
chr20	31067015	31237410	0.227507966174273	38	0.112434169138026	1.10793853570605	232	0.433538131844189	5	4	1	-6.91537657388896
chr20	31237425	64328010	0.498903407203656	2041	0.0903403282057775	0.913075368178025	106725	0.303297339528153	2	1	1	-6.79893364235008
chr21	5034010	10739816	0.439604915137944	861	0.122095175001457	0.910017016601318	5598	0.317740573360941	2	1	1	-6.89115621985127
chr21	13000809	46697396	0.498894549180532	1820	0.0916151862641224	0.928864682890248	64632	0.321912310582529	2	1	1	-6.73315052018783
chr22	10685603	12900597	0.498776775719601	850	0.120218156649113	0.904233313038156	3746	0.328490271453866	2	1	1	-6.74225008294915
chr22	15541395	16533811	0.383569595934677	91	0.130671596677572	0.946081839441503	1107	0.356259890540969	3	2	1	-7.15414820457631
chr22	16553149	50808384	0.498921577750954	3393	0.0918751703993443	0.90368997672766	137277	0.296867989742639	2	1	1	-6.90925287906175
chrX	256862	52862789	0.498792614221646	530	0.105751323401236	0.909970717530235	45543	0.299111927872707	2	1	1	-6.88429167759864
chrX	65683396	156028163	0.339210474839435	53	0.132354356244273	0.927434861406465	61691	0.285274221970722	2	1	1	-7.51149403484368
chrY	3066285	10114935	0.498492407035522	15	0.151477705415996	0.933475346642164	1486	0.31201975784359	2	1	1	-6.73398340007458
chrY	10796678	56886992	0.496070204624596	462	0.132797549071695	0.934063382671172	5891	0.375685592323115	2	1	1	-6.73878203586541
