chromosome	start.pos	end.pos	Bf	N.BAF	sd.BAF	depth.ratio	N.ratio	sd.ratio	CNt	A	B	LPP
chr1	65898	123177111	0.498921246618981	7937	0.0990579902150933	0.954041397084545	332827	0.331600511387139	2	1	1	-6.91656480964793
chr1	123926271	248871489	0.333195425044612	6211	0.10798116829846	1.06277750732405	284396	0.36035379965698	3	3	0	-7.40278563989805
chr2	92991	89986465	0.498900149371335	4137	0.100923621000883	0.941136516807912	168423	0.335743998226223	2	1	1	-6.73788410406823
chr2	90083084	92006088	0.310836152525064	141	0.13701509172232	0.951898719503663	1757	0.316979791344701	3	3	0	-6.90835184702676
chr2	94190317	242183396	0.498925311521363	7286	0.0999799387008273	0.943307071990907	278549	0.325046479596835	2	1	1	-6.75811009171437
chr3	13132	90234713	0.498908268110537	4443	0.100112791804209	0.950156034261489	180392	0.326793816862645	2	1	1	-6.81377576798718
chr3	91344437	198135491	0.498912766212928	5289	0.100163448583092	0.941536266647068	183149	0.332708162059193	2	1	1	-6.74054157393698
chr4	46210	49092775	0.498899984381057	2265	0.0990637188663686	0.948078473676511	81754	0.337148510996807	2	1	1	-6.76157651683529
chr4	49092915	49711661	0.47616274232151	157	0.14314296168514	0.926069627515465	1422	0.375452249881864	2	1	1	-6.75006601611155
chr4	51838815	190179679	0.498898232228298	5353	0.103726214827002	0.937797857886377	178888	0.336712239203768	2	1	1	-6.73320922609546
chr5	66453	462441	0.498781963000266	111	0.0898135615565703	0.97284332415796	1776	0.308785393213963	2	1	1	-6.73642135750051
chr5	462880	851822	0.251041932686589	108	0.105687321703444	1.59331376265898	2432	0.791293070464332	9	9	0	-6.73644136220014
chr5	869392	1105872	0.133397629409036	89	0.101551626726039	3.70179719183911	3097	2.33162173200263	20	20	0	-6.75165941638501
chr5	1115951	1854536	0.207883700527687	121	0.122069337993769	2.08194878141928	3849	1.09194925421774	16	15	1	-6.7357239046948
chr5	1870608	1948086	0.142653934225054	17	0.0687042896169133	3.4128703980341	506	1.10206569834794	20	20	0	-6.74220506286221
chr5	2002012	11858656	0.498806786507762	334	0.118363369289594	0.984336105033598	9636	0.837866138186473	2	1	1	-6.75247155916582
chr5	11881590	14124987	0.213304242362834	143	0.0973049683720758	2.73120186553402	4536	2.10955639139144	20	18	2	-6.73705762542502
chr5	14131796	16909131	0.389693470876789	146	0.110241686865313	1.24631171250665	5591	0.592226250174608	5	4	1	-6.73829810674857
chr5	16915792	17024402	0.173823579557071	28	0.102329326223185	3.35436170522533	1224	1.51412292797616	16	16	0	-6.7382376211542
chr5	17048910	22326479	0.498698824351927	133	0.11876119078831	0.919511443708725	3481	0.419274394029768	2	1	1	-6.74035793542095
chr5	22467008	22666623	0.1748421920507	19	0.0803522580897199	3.64205092512706	400	1.88664665211848	16	16	0	-6.74188347504252
chr5	22696134	38985066	0.498836536726338	704	0.106445783924105	0.984678985081963	23041	0.516920295292631	2	1	1	-6.81754941399246
chr5	39051505	39806835	0.122146740364683	68	0.0927831534521773	3.67105162058762	2856	2.37520471150349	20	20	0	-6.79535001452183
chr5	40092990	43072622	0.407649041109922	155	0.106989172895593	1.24576387847072	5313	0.547968721974985	5	4	1	-6.75740740478965
chr5	43083492	46206800	0.168073150731214	175	0.102671759091498	2.95881132562486	7311	1.78518008879594	20	19	1	-6.76184921195608
chr5	49601562	181281736	0.498916250069202	6224	0.101081036499142	0.944834707898053	228281	0.330956008063532	2	1	1	-6.76908824896148
chr6	177748	32553306	0.447677036274377	3429	0.0985815720438099	1.06656123332676	91545	0.362640802089893	3	2	1	-6.93896780870727
chr6	32553340	32600761	0.218459387429438	34	0.0796777377281952	1.09896141596036	211	0.356997564515132	11	11	0	-6.77984010843371
chr6	32674273	57834947	0.492129071535508	1978	0.0994908750500849	1.06574622922703	80755	0.355442044258858	3	2	1	-6.9656952389316
chr6	60254368	92210246	0.496553897394561	1067	0.0973006965277464	1.05254107623957	40310	0.374941133660368	3	2	1	-6.91178920732244
chr6	92364308	170732093	0.381305980274735	3214	0.108672827931815	0.939704684386059	121387	0.336279013703013	2	2	0	-6.76253618010307
chr7	31504	58091558	0.498885830946898	3315	0.103889693327924	1.06466150326126	119524	0.384770338912004	3	2	1	-7.11705383536518
chr7	60958181	159260919	0.498903637486714	6698	0.102187845597477	1.06918790543292	240989	0.379742641333348	4	2	2	-7.4138371997087
chr8	311290	43815666	0.464514961635967	2265	0.110667171554046	0.824194780826714	77043	0.295174772763025	1	1	0	-7.00039029027551
chr8	45952307	145055416	0.498886729724661	3427	0.100227440217227	1.06089368857118	157765	0.374337888052803	3	2	1	-7.24812344826884
chr9	12839	39025077	0.498873473454903	2144	0.104721773494211	0.936196036047306	65233	0.332265867003559	2	1	1	-6.73403431343063
chr9	39025085	42986133	0.498709087927456	390	0.121970806459455	0.957346169040551	3288	0.389562204830779	2	1	1	-6.73950544997361
chr9	43242650	67456048	0.391288538233441	252	0.133704673328541	0.934703760795898	2846	0.384767968988073	2	2	0	-6.74067295213143
chr9	67548942	138214444	0.498915764582168	4540	0.0987528693853157	0.952723014477845	188020	0.328411995705378	2	1	1	-6.82490230928363
chr10	47663	38982383	0.498877359935332	2449	0.103613286810147	0.938478710768169	75728	0.352189352849131	2	1	1	-6.73312129016479
chr10	39967657	42279703	0.453107749881165	53	0.133285574114582	0.945833638089335	433	0.357989329374054	3	2	1	-6.8064275821627
chr10	42279904	46268654	0.498795883302472	256	0.0932576391235697	0.934304743676662	8689	0.327681168137146	2	1	1	-6.73350853265944
chr10	46268884	47284470	0.335667061707111	113	0.11203418381846	0.949761460782447	1411	0.293757520203562	3	3	0	-6.83158104648878
chr10	47300628	63490783	-0.00104530867450744	674	0.104301339646597	0.928916555576488	20579	0.331404127120884	2	2	0	-10.9238094262125
chr10	63513635	64687272	0.183332301067652	46	0.12933842063803	2.53313381745249	1942	1.8468246695981	20	19	1	-6.73308155121432
chr10	64822258	70324158	0.498824934013847	449	0.0908735200119226	0.950696328062403	13681	0.348239453022262	2	1	1	-6.7379193091957
chr10	70356653	70658203	0.168537842031107	29	0.101691095075891	2.06847108662538	1989	0.874606756044683	17	17	0	-6.73530764130767
chr10	70677197	72021828	0.149899861665977	349	0.0723144678332863	3.36362290787616	12293	1.82010058875648	20	20	0	-6.75207250506418
chr10	72023667	73299742	0.49878933809603	226	0.0959992991001945	0.990085527056547	5048	0.431328223721043	2	1	1	-6.74504250723487
chr10	73304143	73407352	0.155404131842262	79	0.0772982900265306	2.7251603647733	1380	0.914634049727953	19	19	0	-6.73387521867911
chr10	73412098	74029508	0.0985047346775348	157	0.0739788841915208	4.93483587453738	13649	2.11153495233196	20	20	0	-7.041160358325
chr10	74046519	75080894	0.412938832481686	97	0.101804004893575	1.16116782621212	3325	0.49367273904734	4	3	1	-6.73998489535411
chr10	75083476	75422261	0.191122580480891	79	0.0936475780452559	2.44421335084196	3097	1.32049772172703	19	18	1	-6.73303178896862
chr10	75467674	78440183	0.303043589227935	131	0.103509316614275	1.55272374257605	5916	0.674043062368199	9	8	1	-6.73359171694087
chr10	78474359	105782939	0.498887741975196	1878	0.0995585446847139	0.93582624095426	71031	0.332995327723323	2	1	1	-6.73402460861848
chr10	105799506	107659858	0.0928834450991148	169	0.0887438979920624	4.77108687235385	5593	3.45064852388677	20	20	0	-7.00429538370069
chr10	107825289	110194664	0.499004372033763	66	0.0923826036358873	1.01287837566944	1746	1.10419953545225	2	1	1	-6.73993773514951
chr10	110215282	110330296	0.118994892818655	17	0.0506307277079373	4.27241871768876	764	1.73803673703372	20	20	0	-6.94872809894148
chr10	110360058	118727141	0.498807800673112	342	0.107831393608805	0.900556505731704	15315	0.325560285745602	2	1	1	-6.81135481263139
chr10	118784130	118867492	0.104511239856878	22	0.0701451185923701	4.2362042678043	409	3.29669327818971	20	20	0	-6.97086984033709
chr10	118891750	121642004	0.00307828651047656	182	0.0992282057186926	0.867292683108008	6295	0.33822554906147	3	3	0	-11.0717245972217
chr10	121752388	122012055	0.114983464848658	84	0.0713145561637045	4.23261742341303	2574	2.15019605129936	20	20	0	-6.8787184340163
chr10	122012131	125300195	0.435932941515962	184	0.0943987154909366	0.833765532376491	7667	0.293275756735741	1	1	0	-6.74959516090932
chr10	125316454	125379799	0.0511749012509491	15	0.0513801888817452	6.95882475868442	260	4.92002882285722	20	20	0	-8.3818196298414
chr10	125433620	126117985	0.496205670385595	87	0.101396279813466	0.830242713855943	2112	0.271433438458529	0	0	0	-6.77722025333803
chr10	126149837	126238235	0.125145552690382	14	0.0676927447538338	4.09504418659338	236	2.86868333199849	20	20	0	-6.81083782082754
chr10	126267871	127361459	0.334637300498226	68	0.120724120263289	1.42009198784421	2314	0.606971309624884	7	6	1	-6.7350010180291
chr10	127362049	133689420	0.438054981480734	428	0.100028296353342	0.83787608565843	11441	0.274785248001072	1	1	0	-6.74718386779178
chr11	197337	50297158	0.498906726831106	3013	0.0936623188973916	0.942900994137682	117506	0.306937645464922	2	1	1	-6.74119284766194
chr11	54636035	67693058	0.498906356129708	1358	0.0932569883712548	1.00767234110215	74221	0.362515182765759	3	2	1	-6.87600001206485
chr11	67704456	67780205	0.210235202547874	24	0.103386428621886	1.94140019965892	365	0.808256358925303	12	12	0	-6.73363822666665
chr11	67786210	68386225	0.498941086973523	60	0.0909109951521158	0.956860900686832	2518	0.370560779641363	2	1	1	-6.73413182648095
chr11	68389697	68453603	0.296548519761459	21	0.113661297178021	1.74051550953527	935	0.626102836786799	9	8	1	-6.73482801071279
chr11	68603302	69528581	0.498964746842938	87	0.0917423623698144	0.953573991846792	3099	0.331426270126002	2	1	1	-6.7344473180392
chr11	69533373	70067602	0.221929086319473	63	0.0942206803750804	2.04733121198992	2250	0.879717267597799	15	14	1	-6.7334810183067
chr11	70078370	70708981	0.498905501966326	47	0.120367168775995	1.04825028505625	2857	0.423592902772493	4	2	2	-6.74143735235547
chr11	70752366	71328917	0.174000798244376	74	0.0964289182914451	2.51027403071388	2644	1.004750592232	17	17	0	-6.73949668852867
chr11	71342885	73337710	0.498776872479723	174	0.112299291279475	1.02521842863235	9041	0.418232599615453	4	2	2	-6.78238493407038
chr11	73342156	74128168	0.287792738051375	157	0.104543522190571	1.70932474255525	5594	1.16350017745139	10	9	1	-6.73419931254158
chr11	74131094	75449138	0.337754617742612	156	0.103868906967263	1.30519168647668	5899	0.50433647622228	7	6	1	-6.74372710999596
chr11	75455465	76283826	0.197958209204966	123	0.0914438764506252	2.2859236599205	3598	0.891963547408218	18	17	1	-6.73375219646359
chr11	76289667	77399667	0.0934325071620903	339	0.0615582308839813	4.84212280721369	13948	2.24740422444897	20	20	0	-7.24696182189043
chr11	77404519	77700136	0.180615687836771	66	0.117618649116739	2.56542038200033	2103	1.12171256429935	20	19	1	-6.73369607755735
chr11	77701806	78053731	0.0890833762329945	156	0.0581845726940263	4.44264164965466	4334	2.30198525473289	20	20	0	-7.33028401872831
chr11	78054315	80773410	0.113310958243211	393	0.0777825152830079	4.00010983755593	11307	2.03418481096655	20	20	0	-6.93971562346426
chr11	80842369	83772633	0.498639261624104	106	0.115035622046489	1.23921530294172	3807	0.559624619168243	6	3	3	-6.74385210441264
chr11	83775809	84410778	0.130882954714468	49	0.0888732711974378	3.11744712902471	1456	1.66284363335958	20	20	0	-6.76481654622852
chr11	84506435	86465418	0.442525834876375	79	0.126563139075606	1.36148935204915	4302	0.558712923649534	6	4	2	-6.74738643404913
chr11	86487293	87518027	0.203435212727806	95	0.100476521968892	2.25931967873811	2862	0.973922539407114	17	16	1	-6.73351064411447
chr11	87561123	89112374	0.49890707820136	38	0.0935282987884052	0.841585363713832	939	0.289830702378396	0	0	0	-6.84641088363528
chr11	89156244	89440469	0.180177106081006	14	0.0735123896263169	2.70215350594762	741	0.779106970223478	20	19	1	-6.73614842030118
chr11	89467029	90728499	0.415743253774953	69	0.0707846595717641	1.00588610668645	1832	0.388829303048751	2	2	0	-6.77104102444422
chr11	90848566	91171215	0.141052471841931	16	0.112934125341575	2.4195805418666	340	1.2257888446263	20	20	0	-6.73665855452408
chr11	91186838	108952283	0.498819087805845	644	0.109892866783318	0.816372389096405	23610	0.283290605651591	1	1	0	-7.05882559360684
chr11	109009141	115249998	0.498790947875728	234	0.106492603107957	1.0794295596664	12435	0.990878218562737	4	2	2	-6.73743277299172
chr11	115250180	115606316	0.0639139661211428	39	0.0762219572999072	5.77306866568274	1411	4.27361219019887	20	20	0	-7.4147420985543
chr11	115633047	118868347	0.498760725498059	213	0.103654950206329	0.87326876660511	11640	0.348505345650657	2	1	1	-6.8141346394873
chr11	118899120	119037387	0.10132908463206	54	0.0751071259161356	3.460144762488	3537	1.76705188211536	20	20	0	-6.97222582459892
chr11	119040640	122099561	0.463781484595144	237	0.101488760272769	1.19351361728692	11095	0.508491817414988	5	3	2	-6.73377577282816
chr11	122134981	123809841	0.235393537950862	165	0.103774945531325	1.87161817329123	6979	0.795321070296832	13	12	1	-6.73861933650197
chr11	123820485	124377465	0.465379741475632	82	0.0822345052350266	0.860462046211912	1571	0.208503867665557	1	1	0	-6.762589660697
chr11	124380380	125040814	0.231149277779583	66	0.0987637948819666	1.684819512356	3908	0.613366708341144	10	10	0	-6.73352436738141
chr11	125063681	125531558	0.0638784372886923	115	0.0547976333930283	7.02144290929526	5285	4.38384177238514	20	20	0	-7.93970789422737
chr11	125547570	125778426	0.499117673196097	29	0.0786075241763971	0.978579817181754	1043	0.329680335276792	2	1	1	-6.73537150661441
chr11	125789528	126464232	0.235127558741834	87	0.0975254920444038	1.96429899421907	4853	0.813241841412871	14	13	1	-6.73346036215091
chr11	126464307	130240374	0.498697621054561	124	0.117901084039223	0.852502725667804	5166	0.342822659170854	1	1	0	-6.84434893963492
chr11	130249833	130719150	0.237928354496202	43	0.111070508269788	1.8781041090872	1985	0.697374757352422	13	12	1	-6.73539140797264
chr11	130801234	135008775	0.134812458460564	152	0.0949803778509889	0.940175229586341	4921	0.407549258265746	4	4	0	-9.13373302386686
chr12	12233	34276724	0.49887329325696	2131	0.107711030832663	0.936508956699489	83575	0.328112776171854	2	1	1	-6.73369097268825
chr12	37555474	133219447	0.498921670290316	6051	0.0967613267749116	0.947694823674616	253389	0.328787006606349	2	1	1	-6.78686249165213
chr13	18177561	114354020	0.498888980340835	3728	0.0999093034271427	0.939086318173963	129661	0.345949858778954	2	1	1	-6.73356901734834
chr14	16047857	16101919	0.190757519030329	4	0.0396358423652128	0.918822308720542	29	0.401563468472697	14	14	0	-6.85434274870901
chr14	18314450	19884248	0.316293061388804	109	0.123992827223409	0.940010993942035	1930	0.290935604499621	3	3	0	-6.92944957141552
chr14	19889613	106874951	0.498919811697047	5518	0.0984823074710064	0.93758877147576	205082	0.326201994213629	2	1	1	-6.73328667462981
chr15	19848847	101980754	0.498896226195454	4938	0.105906471882791	0.903887286534934	211337	0.321895293974118	2	1	1	-7.3287207295253
chr16	11641	36112118	0.498908807929883	3943	0.101320431637508	0.961146862292184	140973	0.323752242488349	2	1	1	-6.8517645777859
chr16	46386441	90175110	0.49890354981446	3350	0.103763827690581	0.94837661696396	128419	0.329041562114907	2	1	1	-6.76140642292096
chr17	137603	24421438	0.498893045732152	3113	0.101650247620122	0.951119366327331	106842	0.319362707472394	2	1	1	-6.75985022218706
chr17	25389878	83135637	0.498918672061388	5219	0.100866531490144	0.952727023216057	247576	0.32512993551821	2	1	1	-6.80987207283253
chr18	47898	15341512	0.49885236372264	1101	0.101260925636144	0.928558341237199	30731	0.343589283302149	2	1	1	-6.74132896909537
chr18	20954676	80195329	0.498875487810543	2296	0.102869319942243	0.930481925688731	79819	0.342447059318851	2	1	1	-6.75352443662792
chr19	263280	24394098	0.498917272642404	4878	0.0969642437741134	0.967097094874569	185078	0.320356428272617	2	1	1	-6.86051248349382
chr19	27392054	58574974	0.498918899158383	5277	0.0948734099030062	0.949867859729428	203878	0.30755325365318	2	1	1	-6.76335695203225
chr20	87623	26168423	0.498882993565348	1600	0.0998365179941851	0.93339438630044	50924	0.330466403146554	2	1	1	-6.73682570791687
chr20	28559278	31244855	0.324543807468913	619	0.124131747899406	0.957205065724406	3149	0.378059197814865	3	3	0	-6.86772612126722
chr20	31274572	64327735	0.498895495403268	2852	0.0961317944323434	1.03210083498688	116504	0.366957977569758	3	2	1	-6.850086108176
chr21	5142460	10739746	0.402883330824283	766	0.125935727221909	0.934563746980604	4828	0.342081514844159	2	2	0	-6.73362355778121
chr21	13000603	46658699	0.498888870516209	1824	0.103462836286097	0.939227963282572	64425	0.332978696941723	2	1	1	-6.73333272894923
chr22	10684424	12705630	0.458898927796788	762	0.127603369686851	0.950733551240618	3276	0.331149256916184	2	1	1	-6.7965999413751
chr22	15326118	16531852	0.394242753795336	107	0.135971453952276	0.921438394061664	986	0.35891624822022	2	2	0	-6.73859961678576
chr22	16533681	50808384	0.498912871919577	3967	0.0997653779373138	0.953392151307427	144864	0.327145222949954	2	1	1	-6.78250626211632
chrX	292909	58042596	0.498880653629342	2749	0.103735413267144	0.940802696429775	111929	0.341638634523581	2	1	1	-6.73543982805903
chrX	62780088	155985886	0.498873979233478	2181	0.103656516212306	0.935674242900558	134612	0.319410024368672	2	1	1	-6.73697018196245
chrY	10785299	56887043	0.498693637693474	270	0.130509615723239	0.974604959441714	1085	0.308592121826434	2	1	1	-7.12775478283659
