chromosome	start.pos	end.pos	Bf	N.BAF	sd.BAF	depth.ratio	N.ratio	sd.ratio	CNt	A	B	LPP
chr1	133160	121564715	0.3847448323741	5545	0.097453381276803	0.864704116450874	304512	0.286250212454493	3	2	1	-7.12800163176593
chr1	125094663	145694663	0.293211836262521	38	0.138571856151283	0.813411352466101	2006	0.329412476069529	3	2	1	-7.16270561474434
chr1	145853720	241180074	0.38397616504183	4415	0.0989057905873885	0.852598333553917	225936	0.272449250194481	3	2	1	-6.77849330616218
chr1	241186819	242114828	0.298928996594962	59	0.139276054667905	0.468086001335178	1496	0.172020624640272	1	1	0	-6.73996767217644
chr1	242183643	248945592	0.385661702801626	339	0.105390577611548	0.824548850865862	14328	0.278619976226859	3	2	1	-6.76753629940796
chr2	41366	92007009	0.374448358444366	3931	0.0989557131229078	0.86729160292177	155535	0.303391504348333	3	2	1	-7.08838065108889
chr2	94199373	242183443	0.392924982733319	4467	0.100600654073875	0.857440603918917	256674	0.278778968801742	3	2	1	-6.93279717967991
chr3	27782	90613961	0.428097928906243	4489	0.0944869805657266	1.24857240515789	225950	0.441182572126376	5	3	2	-6.78797442421343
chr3	91396126	130083204	0.419942973838764	1879	0.0891167368215297	1.23418730276924	81742	0.432308474438236	5	3	2	-6.73385019362813
chr3	130083211	130158539	0.250507509117389	37	0.133297590930023	1.38043918302391	190	0.523757924408475	5	4	1	-6.74250755039673
chr3	130178104	198111126	0.434361326073675	3524	0.0960780160842716	1.24146743228186	145308	0.462010604069607	5	3	2	-6.75563784827083
chr4	14018	48609132	0.498903544601223	2628	0.0910695563321396	1.05230105531663	88012	0.364350865214757	4	2	2	-6.76949861249798
chr4	48609912	49711699	0.378392654564062	175	0.138615575247334	0.928017974354518	2273	0.366728490016	3	2	1	-6.77660430163068
chr4	51995997	190179679	0.498920669760149	4497	0.0897472498195381	1.03162378178432	189006	0.377315500764118	4	2	2	-6.76100094937812
chr5	44922	1309789	0.317251006784566	295	0.105083345331976	1.52241993077322	8927	0.488457541129951	7	5	2	-6.74541620592694
chr5	1320607	30365610	0.21064158334327	520	0.115117736432926	0.666091578144473	19192	0.323018731735562	2	2	0	-6.79627562862624
chr5	30403102	36855411	0.181315735469093	539	0.10965481047036	2.52562342214731	29071	1.26874162530096	12	10	2	-6.7539426406032
chr5	36857488	40252996	0.313690113456028	121	0.107656097827522	1.60040254342348	10749	0.731983595515619	7	5	2	-6.73636245280889
chr5	40279593	40806733	0.127962759536262	40	0.123917981042466	3.6013998357546	2058	1.79606744037935	19	17	2	-6.73446776553333
chr5	40808844	46206800	0.49878498211147	115	0.12321407514673	1.18707147832899	7589	0.683633876143303	4	2	2	-6.85397871986118
chr5	49599598	49661790	0.495517413285595	50	0.145493845861856	0.831653024926601	517	0.350843106071495	4	2	2	-6.74855757355424
chr5	49661820	132691304	0.498901819317559	2444	0.0908977184855594	1.04151775361103	111879	0.37761960839745	4	2	2	-6.7354948884611
chr5	132699880	181286981	0.498916535827428	2157	0.083911559161587	1.05088183056055	131509	0.35301500102665	4	2	2	-6.76422827429056
chr6	175346	10895820	0.268765756875266	828	0.112119228945516	1.87150368486323	34724	0.848360521555054	8	6	2	-6.75891220652163
chr6	10906023	26895459	0.35690446900695	961	0.103260377233559	1.46682061531392	44763	0.612360139587666	6	4	2	-6.7585163609513
chr6	26903605	31104523	0.333180025144942	844	0.0946079358848161	1.58450537721758	29591	0.511934172029454	7	5	2	-6.7465779513307
chr6	31104876	31869473	0.287997326658751	350	0.0969987899709733	1.71463456584411	12584	0.548338690070973	8	6	2	-6.73753573223914
chr6	31869500	32660710	0.348407214421318	229	0.109938843101067	1.46725005450857	10151	0.391641217062711	6	4	2	-6.74887885204101
chr6	32660818	33772548	0.36516624879388	442	0.0878349614545367	1.45648068123056	13205	0.406841424776809	6	4	2	-6.73506280681765
chr6	33772605	35762345	0.325893499098347	126	0.129857055476947	1.78196909129418	14400	0.760922730944927	7	5	2	-6.75320411005248
chr6	35762425	58419230	0.358390881013891	1341	0.105951375581238	1.47729099006972	82904	0.54601955868453	6	4	2	-6.79544285084016
chr6	60254411	64778699	0.355494191243635	153	0.107170184689643	1.55799975943321	4847	0.689048764267993	6	4	2	-6.78312988627925
chr6	64886866	170594646	0.198118433736021	2545	0.108146123739859	0.651710589896749	115961	0.219479426544154	2	2	0	-6.74361338334865
chr7	31439	4132182	0.204199433886081	405	0.104276045866711	0.681188370672183	11380	0.333733074137039	2	2	0	-6.77132212738868
chr7	4145960	4832392	0.319295785377334	133	0.110378700424515	1.58307184374024	4258	0.743984109867108	7	5	2	-6.73354525607336
chr7	4898063	6621981	0.45287739953751	238	0.107314992206998	1.66241080369388	15458	0.85107847968829	7	4	3	-6.74221953246884
chr7	6631064	10029100	0.196873577125748	256	0.106575858371502	2.47742642711541	10151	1.2355506930488	12	10	2	-6.73627438493969
chr7	10325066	13455437	0.403147253712345	112	0.0974858469086172	1.38097183865061	4410	0.539384850431095	6	4	2	-6.83117912742475
chr7	13622653	32224099	0.195595354851846	485	0.102308850019761	0.652961498257609	21204	0.231027706530441	2	2	0	-6.73816408743331
chr7	32238049	34161219	0.351049988878331	88	0.106527535674324	1.4767181485783	4956	0.588562109098026	6	4	2	-6.74718728964838
chr7	34440733	51449696	0.186252209584538	592	0.105230242742969	0.657658601813268	24091	0.210064892493889	2	2	0	-6.762055927943
chr7	51494210	58091518	0.206891474469059	300	0.128688452011668	0.668578394244817	7014	0.250961647304144	2	2	0	-6.76640326968794
chr7	60981598	128731361	0.395548623099901	3270	0.107075456037168	0.860817914531881	129481	0.296498596208219	3	2	1	-6.87270482287984
chr7	128798230	128917352	0.193327214209941	41	0.101638359380506	0.654547888736923	1735	0.150278656389757	2	2	0	-6.74094397768097
chr7	128942604	159260906	0.399499526131867	1802	0.0987482767514655	0.852879166262466	69133	0.277715198515756	3	2	1	-6.75917446875089
chr8	311290	43164676	0.366501957131818	3000	0.104006450648949	1.42459068984648	116614	0.579056215015792	6	4	2	-6.73321790761715
chr8	46579642	145037262	0.366642314026695	3933	0.0996590982424457	1.42484945490774	206726	0.556781796308659	6	4	2	-6.73329393832247
chr9	146873	34835276	0.385565886817618	1238	0.103481795368922	0.853137180477736	43620	0.29380316693377	3	2	1	-6.74968449978726
chr9	34840457	35753901	0.203462272715416	48	0.0894819209918806	0.724017617237682	5354	0.215492791602826	2	2	0	-6.8552336081566
chr9	35792426	42405487	0.410845825580064	410	0.116818080813756	0.856468038147769	10696	0.299683669388976	3	2	1	-6.7664175338873
chr9	60521830	138214444	0.391896582767351	3420	0.10212494964021	0.863829277975258	174733	0.282743408022463	3	2	1	-6.9765941513142
chr10	139936	39131435	0.197697857498835	1719	0.112166375989441	0.652699470475169	52843	0.227857447586471	2	2	0	-6.73599918508411
chr10	41859953	133787147	0.200206935252702	3378	0.110364328721144	0.655493737660102	145159	0.218384505183183	2	2	0	-6.74671193587858
chr11	192997	50553108	0.498923818735719	3090	0.0819963753603227	1.04061665134244	129836	0.33129910366406	4	2	2	-6.73396999258128
chr11	54591798	135055593	0.387882076239663	3139	0.0946769821290946	0.855127103117469	200188	0.264943947189624	3	2	1	-6.81023091538273
chr12	13488	34523014	0.386039833977156	2320	0.100689779206751	0.856560800464225	76928	0.286981737058296	3	2	1	-6.77097070176955
chr12	37540858	50788339	0.38100966512821	722	0.0882853933536667	0.854972043354009	33198	0.263929857321953	3	2	1	-6.74749934766712
chr12	50794551	52790707	0.499070946597742	353	0.0737953700957337	1.05478639730804	12279	0.339923244500715	4	2	2	-6.73554029552627
chr12	52804897	133234117	0.390026776940619	3394	0.0999608316807784	0.858847170421341	187377	0.286620952634617	3	2	1	-6.86311510495831
chr13	18177561	114325855	0.387212164289283	3079	0.0995298658001307	0.857276734423575	116378	0.306817167812575	3	2	1	-6.83738734419253
chr14	16098225	16401976	0.498265351598327	5	0.175199029677678	0.706277440514082	18	0.261333489645812	2	1	1	-6.74924604953245
chr14	18330620	19680240	0.363602771243908	87	0.1273455865858	0.689208971813294	1357	0.316331264689451	3	2	1	-7.07401953588139
chr14	19680255	106289571	0.19540256091272	3512	0.103659828107619	0.660266268283494	153387	0.215666956686571	2	2	0	-6.86006153088855
chr14	106324083	106874951	0.245567126605847	177	0.107243608858459	0.6210801873171	2289	0.162071870378329	2	2	0	-6.84976154201741
chr15	17081956	17081962	0.077	1	NA	1.577	1	NA	NA	NA	NA	NA
chr15	19848288	22608113	0.399608336668931	287	0.115833263142638	0.998684810827889	4018	0.326344402290018	4	3	1	-7.06488160165165
chr15	22609095	93548367	0.498929864701773	5056	0.0885668244350015	1.04808626495374	215777	0.351961764506596	4	2	2	-6.76018731043009
chr15	93548475	101829176	0.450437936622844	393	0.0989491200098798	0.845671054849896	10573	0.288498125917272	3	2	1	-6.97655005309283
chr16	11641	2500474	0.49890999378833	659	0.0711668867548063	1.06935864190438	29221	0.297043612451184	4	2	2	-6.74735956287916
chr16	2501103	4541207	0.213639391298114	297	0.0988051287950351	0.671983919507146	11458	0.2074868082915	2	2	0	-6.76004977404881
chr16	4545268	33938454	0.498900876625512	2350	0.0957943045772298	1.05132457794979	103013	0.367688831158944	4	2	2	-6.75177589305944
chr16	33979048	35447707	0.190760938723458	62	0.14010165248898	0.912613586509457	1445	0.33486539156938	3	3	0	-6.80977576637138
chr16	46386441	63308087	0.387148674801095	670	0.0995079779906034	0.862066758915813	35258	0.290247477774595	3	2	1	-6.77508530545027
chr16	63346838	90023683	0.498921888009672	2802	0.0855264346635283	1.06423294794221	97692	0.352672838065045	4	2	2	-6.80746549529522
chr16	90027561	90167920	0.356828936497956	42	0.081657907989871	1.38698506833249	912	0.494142314242342	6	4	2	-6.73881216708093
chr17	138189	14917417	0.191222306798987	1581	0.103198853417585	0.675047046332627	59672	0.242711654786334	2	2	0	-6.90041451319346
chr17	15115318	15817600	0.26966388184178	114	0.107193259908099	1.91686563421434	4147	0.771203561500861	9	7	2	-6.73989914026645
chr17	15900065	21285176	0.200152045788386	478	0.1188031340018	0.711887659358845	19759	0.409407162504839	2	2	0	-6.87277530847213
chr17	21290766	21415896	0.498758220791405	171	0.112586306610478	0.632810717930823	621	0.158732008171509	2	1	1	-6.73613717098773
chr17	21416370	21508947	0.255646101212573	24	0.105513641881931	1.8356907423355	193	1.18330993964659	9	7	2	-6.73408103307635
chr17	21617960	22481997	0.341795762027062	183	0.126956643903869	0.671326675131902	1128	0.271633050893644	3	2	1	-7.15950334503936
chr17	25389878	30792631	0.415354494559153	315	0.0996969995523698	0.873722980958597	18755	0.282979381112986	3	2	1	-6.8258341075187
chr17	30834485	31755537	0.235564672343728	48	0.103995036621196	0.481841443658581	2410	0.159906075705752	1	1	0	-6.94117976370936
chr17	31795965	46134136	0.49890422971588	1630	0.0843121216816997	1.0764328788795	83555	0.361310106176922	4	2	2	-6.81543056803207
chr17	46134536	46704913	0.377885508457491	256	0.11847715481575	1.10172690557411	1981	0.433906889953288	5	3	2	-6.8366366723744
chr17	46718103	83094142	0.498926931603972	3633	0.0870320509096236	1.08367246174431	159890	0.363662276417587	4	2	2	-7.01458912558397
chr17	83114486	83135891	0.277237529575909	12	0.10459282523629	0.66506103043044	53	0.276892828738262	1	1	0	-6.76559145216955
chr18	47948	15357277	0.498882579616397	1160	0.0861665998412844	1.02649638798973	31526	0.363546726100117	4	2	2	-6.74298670439215
chr18	20946229	80257347	0.498898596555142	2140	0.0892876497452121	1.00695809269593	81686	0.365200196894581	4	2	2	-6.98124078241632
chr19	261438	21767600	0.498927469109316	3738	0.0849470049516424	1.02430717831247	187705	0.336241316390521	4	2	2	-6.75558190275909
chr19	21818912	24312267	0.403298337399285	245	0.0971594079439767	0.817864366461216	7071	0.270896364993026	3	2	1	-6.77511386105299
chr19	27392054	58580350	0.498930781973134	4472	0.0868295277903508	1.01233516561197	217315	0.320362237218897	4	2	2	-6.85218772340422
chr20	178604	26274736	0.498894011409628	1392	0.0907228170128113	1.03389913649955	53605	0.356833822501261	4	2	2	-6.73587176144903
chr20	28559257	30838579	0.496234713487541	641	0.123681978796024	0.998463706512261	3145	0.347345341388507	4	2	2	-6.75131536240169
chr20	30838594	64239656	0.498919047818658	2611	0.0877411653128857	1.05848603328223	119059	0.369790386623707	4	2	2	-6.78431384267712
chr21	5034682	10739795	0.493589555886336	706	0.137400948715845	0.96387602441828	5047	0.480618279887069	4	2	2	-6.81625713582494
chr21	13002718	13828737	0.272235818781562	67	0.115469143156331	1.29482131896021	1251	0.648365757380235	5	4	1	-6.73818261519276
chr21	13855035	39263083	0.196493449375544	1831	0.106779900605416	1.72892068567751	64392	0.809594221368986	8	7	1	-6.79460781961821
chr21	39270230	39360288	0.342604727892461	30	0.101619534957888	2.38011096373967	960	1.06477372818379	12	8	4	-6.73708415795483
chr21	39361865	44763727	0.207120977292771	697	0.090794096683353	1.56747348451051	24455	0.582509009007222	7	6	1	-6.74415386278097
chr21	44771259	46645223	0.193224326533208	371	0.0801885398496382	1.75049497076677	14350	0.612672775143785	8	7	1	-6.75140329044012
chr22	10684424	11279338	0.495987297703828	411	0.139224696998156	1.0690457378365	2023	0.45357533951557	4	2	2	-6.73495655050187
chr22	11285026	12813658	0.493149414962391	215	0.144635826848579	0.753818408172315	1437	0.338476367875729	2	1	1	-6.89390405076041
chr22	15563583	19184768	0.197330306792447	232	0.130238127395883	0.658203970528134	7423	0.222891115578154	2	2	0	-6.73751914985346
chr22	19188899	26555249	0.494460204142013	1045	0.0902283141766995	1.05657252323914	37811	0.355466099470521	4	2	2	-6.74533575321634
chr22	26578922	27276494	0.221042182128879	57	0.103206696393457	1.78463516405585	1680	0.967695322092247	7	6	1	-6.75768826409472
chr22	27295768	34958335	0.489860891683731	589	0.0876270104506132	1.05922724998528	30420	0.381270045557538	4	2	2	-6.75301712385407
chr22	34961618	36408855	0.361768071990892	222	0.09986858267846	1.43203095788994	7755	0.512311132772284	6	4	2	-6.7336370514197
chr22	36428955	36919717	0.499270665690214	65	0.0695986191562846	1.20987138153734	2049	0.454072936605441	4	2	2	-6.76610229971434
chr22	36922384	39193347	0.333198683153979	482	0.101842883550301	1.54075904936835	22739	0.578826041974576	7	5	2	-6.75080280034027
chr22	39196875	40253336	0.198430076994605	60	0.133532640585345	0.660539612899885	3100	0.209864035938374	2	2	0	-6.73621204271161
chr22	40262762	41758426	0.286353387704668	317	0.114344528620709	1.88869569149845	17323	0.86374432910402	8	6	2	-6.73524183561337
chr22	41761036	42141186	0.498781240731921	75	0.119427767758222	1.35124271553056	3680	0.443634798819055	6	3	3	-6.73630133838477
chr22	42141394	42749415	0.331613198624927	176	0.118816670826251	1.6472039432861	4998	0.765299834024912	7	5	2	-6.73783728262628
chr22	42755441	43720640	0.401451763894038	171	0.0905293821930078	1.26962762445921	4751	0.46010209304864	5	3	2	-6.76558212820727
chr22	43733978	45161922	0.324374345367439	284	0.103151371209846	1.6011075304998	7020	0.649126316133927	7	5	2	-6.73379204667745
chr22	45179105	50032087	0.214575321000591	307	0.10993172635093	0.657877926432775	8952	0.227552620097051	2	2	0	-6.74027649770688
chr22	50041427	50125984	0.350606604087127	13	0.0713664253460033	1.67173519700261	1091	0.505072310790716	9	6	3	-6.74247283522258
chr22	50147099	50808396	0.199975117085917	154	0.0877139790863115	0.662692901491912	6549	0.173733923490379	2	2	0	-6.73765537488475
chrX	257225	57876210	0.498901111414096	2373	0.094314183037855	1.00542092354961	113086	0.360364880445124	4	2	2	-7.00448397696711
chrX	63552698	90133932	0.498882299483923	526	0.088778984586957	0.999095011039367	36442	0.33179958696211	4	2	2	-6.94549246028
chrX	90234603	100266982	0.41537142625557	125	0.106619204830601	0.807983668666463	4712	0.322734420049315	3	2	1	-6.8980814386993
chrX	100350565	156010162	0.498900591697512	1583	0.0929146745722134	1.00160584288398	96577	0.342253237976142	4	2	2	-7.09010501180238
chrY	10796678	56885653	0.374400615236025	172	0.132590043023765	0.836796181145374	731	0.340137112308128	3	2	1	-6.76659169347814
