chromosome	start.pos	end.pos	Bf	N.BAF	sd.BAF	depth.ratio	N.ratio	sd.ratio	CNt	A	B	LPP
chr1	65898	1627406	0.115160222947959	223	0.101792360640102	0.576955277496739	6532	0.183101899266488	2	2	0	-6.82683794172129
chr1	1640644	1668449	0.499100173028328	16	0.0907885593012688	0.736819749047438	366	0.245514777048008	4	2	2	-6.75213866756751
chr1	1676790	22639997	0.37642913641615	3876	0.0995788591548707	1.27571950206125	132188	0.464390343886312	6	4	2	-7.07168984770483
chr1	22644149	31254642	0.498880993507332	1096	0.0903541748655908	0.982040250692585	47912	0.346852912021595	4	2	2	-6.7588249290823
chr1	31267821	63111424	0.498883186102881	3010	0.0952349638588111	1.06920630165783	141796	0.417735377382006	4	2	2	-7.8229944825367
chr1	63212545	105490314	0.104078942533483	1014	0.100888492458822	0.558088041943781	51889	0.217096438805881	2	2	0	-7.05992061937837
chr1	105518599	115879809	0.498851111697304	568	0.0891951673244371	0.965189930774665	33216	0.312499892632532	4	2	2	-6.73643701201149
chr1	115879936	116146925	0.12888696060224	17	0.120790563762728	0.529654836731713	518	0.201539267300845	2	2	0	-6.73927319771425
chr1	116170182	123176084	0.498857250144871	230	0.0954965956051121	1.00376256918295	12787	0.335619105331748	4	2	2	-6.81239062678953
chr1	123783762	145237533	0.369038461595749	46	0.133370473088264	0.810241001674757	2167	0.288362377762952	3	2	1	-7.50713698882973
chr1	145454020	248945592	0.41483489070976	6332	0.0969970125078715	0.826380132015153	295375	0.277581102215238	3	2	1	-10.604343320359
chr2	41404	1008071	0.116736052933212	32	0.090473218279259	0.522245870168556	710	0.206684592356409	2	2	0	-6.75728509859109
chr2	1083457	13855927	0.498840889122309	793	0.105472564716401	0.856796310614016	21924	0.333505070025828	4	2	2	-7.4915700164889
chr2	13931185	23942754	0.498815240798961	416	0.098096717868305	1.07569925648025	16292	0.441274606611156	4	2	2	-7.11946103471571
chr2	23944398	88861377	0.376784099014468	3213	0.108136097703169	0.74266587318334	146335	0.272844676835319	3	2	1	-6.81378888252164
chr2	88861810	91891976	0.498707939600227	234	0.120231071009761	0.940070531257244	4630	0.293088836123246	4	2	2	-6.74085851177195
chr2	91916428	91987817	0.0837704998268282	18	0.142075477041151	0.803158913687574	146	0.247607941754759	3	3	0	-6.73643504790269
chr2	94216530	226087388	0.498902436219694	5792	0.0960114404524158	0.879439513064282	274430	0.310146997167458	4	2	2	-10.0487326865803
chr2	226126508	242004262	0.401636910551546	1513	0.101482564881372	0.697293455321262	46820	0.232383888130542	3	2	1	-7.67265020442117
chr3	13132	75515375	0.498918245049871	5112	0.0904687287675788	0.978053852240981	220386	0.345511168820023	4	2	2	-6.88776137372355
chr3	75515457	75790825	0.224012585552827	229	0.134289282491259	0.798816242669023	1193	0.321454961766309	4	3	1	-6.90326860791923
chr3	75822513	90613961	0.498811364766496	372	0.0954907995449181	1.16461327709444	11768	0.475711544483617	5	3	2	-7.19968267797419
chr3	91392513	93470778	0.33765011159169	9	0.0781936698205168	0.950816950067444	374	0.616388080452396	3	2	1	-6.96878356912525
chr3	93811022	97187313	0.114508535668061	44	0.11119214413594	0.624483428900212	1710	0.247172862706225	2	2	0	-7.30095363520133
chr3	97448782	98238736	0.49912405060614	75	0.0765448064037488	1.10952425938123	2212	0.284295616862458	4	2	2	-6.856518639248
chr3	98387687	102489345	0.103303140956801	186	0.0966388267239028	0.607813434217776	7574	0.20849177715603	2	2	0	-7.36857923183786
chr3	102512389	106601586	0.00105575446423407	107	0.100134260954445	1.0417856449978	3028	0.452732007112028	5	5	0	-7.05521302395124
chr3	106681535	112155149	0.132439085209762	137	0.112299527502125	0.488377973474637	6357	0.19501806166112	2	2	0	-7.61878310042889
chr3	112168945	112277574	0.349926866769703	21	0.093012697545883	1.08776450866073	313	0.349282580799705	6	4	2	-6.76172831549299
chr3	112277707	121980701	0.147083121593387	324	0.112693548676544	0.424264348868119	13337	0.152410677638815	1	1	0	-11.8732606164662
chr3	121992499	130001031	0.0878664661225238	481	0.0830715815181411	0.661458508063338	25146	0.21726164826888	3	3	0	-8.04993960906007
chr3	130081130	130089776	0.433656720637905	20	0.140831468896618	0.842341096700532	43	0.238071357384897	5	3	2	-6.75784477922565
chr3	130092230	143415879	0.0853103485616334	577	0.085879219988386	0.66833992286427	28099	0.232223217538719	3	3	0	-8.28503176822602
chr3	143456799	148536870	0.0540742810986604	160	0.0611380021476313	1.11747589210885	4495	0.437993651360785	5	5	0	-6.76127773455462
chr3	148628170	150527586	0.0375496747933734	187	0.0517316203381404	1.60229513789464	7567	0.654851271743552	7	7	0	-6.73688881569802
chr3	150540836	153267175	0.102003846768231	117	0.107879882116719	0.60363020493118	4636	0.245509548180005	2	2	0	-7.02542860724156
chr3	153276285	161159825	0.072624048078687	361	0.0758336357081021	0.902979206604474	13135	0.561420604551266	4	4	0	-6.78760273874292
chr3	161246483	176321854	0.176952194404725	300	0.133229130798034	0.386667002646797	10772	0.165208247602808	1	1	0	-10.0751030881037
chr3	176327120	184358170	0.121631903136996	272	0.110315834053373	0.535362282700706	15011	0.208298086917726	2	2	0	-6.76455481557061
chr3	184363583	184546992	0.453790349000557	43	0.0972292845612947	1.08796079226389	1198	0.409042207483133	7	4	3	-6.84647462221698
chr3	184575776	193785537	0.107060866032004	343	0.0980058957056375	0.526004765054614	13578	0.198251478585278	2	2	0	-6.90622382762046
chr3	193818241	195660951	0.419502755980029	239	0.0967722582997961	1.12826829972086	7097	0.445748989813023	5	3	2	-6.74317956375974
chr3	195665285	198150609	0.498799767703581	572	0.110710586190534	0.92589345124199	14284	0.328625721751333	4	2	2	-6.74935365393404
chr4	60507	49082354	0.498902312371019	3272	0.0944833366772009	0.952971756830957	103972	0.352973540639857	4	2	2	-6.74031973793372
chr4	49091966	49711644	0.342128494268875	135	0.135881677546973	0.713613222417571	1098	0.299873864064022	3	2	1	-6.75721203188624
chr4	51838815	190179539	0.498905977195398	5580	0.0959435709081404	0.853061318925063	208337	0.317912603977821	4	2	2	-11.3768632622157
chr5	109944	17207700	0.49889598842315	1324	0.091922648695014	0.989449208419284	33279	0.362965264225981	4	2	2	-6.81197649591496
chr5	17230038	46381356	0.498869880824752	1492	0.0881477446534168	1.13435209525012	52012	0.462419005793265	5	3	2	-7.33255174753762
chr5	49599598	50280387	0.489610041890905	86	0.140609801990717	0.837925374065986	640	0.387652195914785	4	2	2	-6.78485202953093
chr5	50387865	116795789	0.498904762963721	2768	0.0870423294952755	1.00412713340988	114178	0.373371998215291	4	2	2	-7.30078449083241
chr5	116797068	181292406	0.379546705164342	3548	0.1050587215324	0.767781686248858	151896	0.265475477770487	3	2	1	-6.99540695193087
chr6	175346	58380586	0.441505467858712	5610	0.0963932276033665	0.853052024568634	181343	0.286283310560792	4	2	2	-10.1619411290718
chr6	61479262	79223539	0.474955976685534	581	0.108167607889433	0.863295627425681	20855	0.319732482104369	4	2	2	-7.72705317612644
chr6	79234638	103735369	0.328506074213021	683	0.117875285963634	0.722639679032408	27993	0.273275273640996	3	2	1	-7.06701849755252
chr6	104018338	122701351	0.230918345499435	627	0.11901809528305	0.63655069868676	29507	0.236257168846638	2	2	0	-10.1197587326608
chr6	122780228	148304229	0.498842744017106	835	0.094854380894425	0.881593337201445	44540	0.323511489375728	4	2	2	-7.60917148494364
chr6	148307322	161161503	0.498843754389721	859	0.105419457472937	0.628723872143547	30193	0.220820233990484	2	1	1	-8.94689994631827
chr6	161214126	170640200	0.292459416634048	424	0.105951337269186	0.95908485313287	15603	0.36024605990921	4	3	1	-6.73680312111348
chr7	31443	1636400	0.460175369078107	352	0.0882415906203153	1.31247413926773	9818	0.443066571517827	6	3	3	-6.86246711206068
chr7	1637902	10564136	0.36388266964516	2031	0.10284929774284	1.80011339529419	56502	0.780549503935443	8	5	3	-6.75678764306598
chr7	10691205	12393764	0.103835647528867	59	0.0895315198407964	0.623192196249119	1880	0.200480512020521	2	2	0	-7.18359577192929
chr7	12457857	13704234	0.290906185923977	108	0.122430783067155	1.88473561902516	2668	0.866829493894733	8	6	2	-6.75631951341839
chr7	13729972	14877256	0.106574472465192	38	0.0999148748638618	0.654793727231738	943	0.255484924024989	3	3	0	-6.94928719912148
chr7	14915134	16958179	0.295899672630342	142	0.0973365088979419	1.80654743270722	5058	0.737646582363872	7	5	2	-6.77721290355753
chr7	16958265	53102843	0.105567991178832	1527	0.101568962467704	0.578804570404684	56419	0.242896559843028	2	2	0	-7.87709407170084
chr7	53181265	54420343	0.499095240907016	45	0.0743355278925946	1.41389722170083	839	0.558467336183174	6	3	3	-6.73526968917054
chr7	54656634	58100473	0.0959683712381062	333	0.110503752462185	0.542613780553206	6960	0.219329076839591	2	2	0	-6.76177054291629
chr7	60958090	80097262	0.420095127922941	2135	0.107226946641794	1.16264172653289	75417	0.479134638049962	5	3	2	-6.73737468923694
chr7	80221905	96234796	0.404505879196737	627	0.0913948504307278	1.36115883375389	34309	0.509915065921609	6	4	2	-6.94736505233473
chr7	96267624	127592210	0.421487638205295	1627	0.097846857154013	1.14420048286689	99925	0.41568359113918	5	3	2	-6.77523624306362
chr7	127594067	141743011	0.498875507059419	905	0.0952645470729167	0.954860398415947	48887	0.363021063211833	4	2	2	-6.73392478697756
chr7	141747751	159260906	0.360788194738277	1465	0.106349658376563	0.795583307320455	47763	0.280009577792949	3	2	1	-7.14229995110103
chr8	213553	17628324	0.167631687922804	844	0.13458961321148	0.364455771773245	16514	0.176151951461101	1	1	0	-8.27439235220765
chr8	17657297	20934843	0.0640646499139492	364	0.0629233577781433	1.00649886181446	8141	0.384011735800446	4	4	0	-6.76759985323158
chr8	20936276	25984451	0.0869870210838066	452	0.0735791954592777	0.722459746681938	15423	0.24043146743054	3	3	0	-6.81257333591794
chr8	26044985	34436452	0.166552524798002	379	0.128563350219859	0.341328349276431	12388	0.139152201433131	1	1	0	-6.79112190819785
chr8	34439310	37819600	0.0476502315196463	90	0.0756386780224494	1.10293848123648	4912	0.465433543610094	5	5	0	-6.76852315301153
chr8	37837668	41980985	0.178504858336325	234	0.122527359237781	0.355015569335321	8440	0.147204881266959	1	1	0	-7.02014395576258
chr8	42062172	42658299	0.337353699070362	88	0.108371149456314	0.875597279300374	3248	0.433626352533583	3	2	1	-6.80891755279765
chr8	42672243	43897482	0.333020234642573	120	0.105822103442668	1.39285559385233	5333	0.580259642294861	6	4	2	-6.7475288935136
chr8	45952261	51198572	0.354199662339061	243	0.0995773889776484	1.5582785665958	11868	0.783592063638448	6	4	2	-6.81645701355472
chr8	51218078	53856298	0.127576157481434	408	0.072268154328032	4.20211495811063	15851	2.47532530063328	18	16	2	-6.73618926407978
chr8	53862679	55316671	0.167880466942219	211	0.101104197800631	2.86413866424847	9497	1.50411461333767	13	11	2	-6.7333570249477
chr8	55350843	56298602	0.189211560677029	607	0.0970668671687387	13.5263266971016	23435	7.92356095276675	17	14	3	-6.7486291105253
chr8	56312719	57131777	0.115538213396884	136	0.0883812041946814	4.62467301752253	4003	3.09548677973335	20	18	2	-6.73419192563003
chr8	57133403	65626921	0.352470772768694	541	0.113695721079789	2.09592001390494	20416	1.10885638236317	9	6	3	-6.7467001684561
chr8	65629577	69929506	0.498863431638624	418	0.109193767181653	2.3185445973926	23933	1.10099012493933	10	5	5	-6.73898868711289
chr8	69938549	70686528	0.310459665896826	184	0.117080533144445	3.25447549772923	7381	1.67610725353807	16	11	5	-6.73719671605964
chr8	70709299	82048604	0.498898969566249	1004	0.106445448306362	2.43686707795293	36105	1.17859277237992	12	6	6	-6.75696291196047
chr8	82051885	91370139	0.461718809191153	773	0.126083512569701	2.81484482907552	26882	1.56236206676214	13	7	6	-6.73313519440669
chr8	91388229	106588323	0.267838540248012	1053	0.104272724269484	1.47777657166349	48639	0.632068041482375	7	5	2	-6.90066413833667
chr8	106590051	109755162	0.336303098519657	324	0.113470864088117	2.66678236831573	12050	1.12642068228057	12	8	4	-6.73498133262141
chr8	109791078	125846387	0.29888608490045	1067	0.111004816746926	1.38860367020534	35333	0.581681541188531	6	4	2	-6.85795373419354
chr8	125850488	140815170	0.260264808594056	1131	0.106668474416522	1.5829307148901	35455	0.660301680092165	7	5	2	-6.82991974041365
chr8	140833204	144498036	0.399339105971941	727	0.0817121738791905	1.68778548895401	33059	0.514494198418574	8	5	3	-6.78007548209317
chr8	144507174	144942258	0.0598022915647644	89	0.0862510025700046	1.13690351100229	3691	0.368711519098483	5	5	0	-6.73530658515092
chr9	117713	2303095	0.114774221847944	216	0.0993337624420609	0.56247404889503	3245	0.21444626424426	2	2	0	-6.76473765300185
chr9	2388753	9818644	0.148050390884496	357	0.12219854205805	0.417296601115273	8747	0.158010976197491	1	1	0	-10.7203277569904
chr9	10000548	25647494	0.112744185624406	572	0.109792686437106	0.51910853441856	14953	0.212704758945222	2	2	0	-7.17390949336136
chr9	26116018	28327943	0.285920713257529	141	0.104093356411625	1.34127143217711	4907	0.556211251775285	7	5	2	-6.86204493093883
chr9	28883258	30087560	0.0747179638239439	19	0.111583734587804	0.661042072286539	383	0.302929928358395	3	3	0	-6.86668082850763
chr9	30213719	32126398	0.49850751871015	50	0.13309097855012	0.936189370532639	927	0.444058916355137	4	2	2	-6.73626218759379
chr9	32149095	33394839	0.498739842293788	86	0.135886059637589	0.605958046559437	3852	0.202541466251589	2	1	1	-6.93478739715804
chr9	33417882	38713294	0.341225865746975	774	0.107553073672867	1.01501819327966	31045	0.33667068544724	4	3	1	-6.98916736904059
chr9	38732432	42975009	0.498722808664771	510	0.131963189450428	0.776951722035413	4078	0.326034221773912	3	2	1	-7.34076403335613
chr9	61173464	138129462	0.35429792814185	4778	0.109674510915647	0.755128521341028	202381	0.262244171089378	3	2	1	-6.75300004549984
chr9	138141483	138177303	0.135273389686364	28	0.146979225937351	0.690514642197601	147	0.226039490102149	2	2	0	-6.76316208086529
chr10	47876	6277739	0.114367782532827	339	0.100132244859988	0.547731466262555	9830	0.368427574757795	2	2	0	-6.73591344416154
chr10	6278566	6753165	0.0719480991239587	25	0.10330779254248	0.977526507060656	1048	0.374412173175935	4	4	0	-6.73463227104035
chr10	6802796	9708045	0.105623245803441	106	0.113582755372721	0.496587766567968	3705	0.203396647373392	2	2	0	-7.0798871669492
chr10	9722421	10322566	0.431752897828393	18	0.110014511817567	1.07314182220626	496	0.485073629934807	5	3	2	-6.76420553069647
chr10	10479447	30132360	0.114036632142303	1006	0.112854001445083	0.507581436729509	36542	0.195622842668273	2	2	0	-7.96178481780843
chr10	30218004	38455661	0.0860541353054498	459	0.0949544444425525	0.570151958706211	13336	0.237509546298976	2	2	0	-6.98942074227917
chr10	38527549	39131435	0.498359443643253	65	0.174876938874169	0.567372841827709	333	0.224422191981963	2	1	1	-6.74527862320654
chr10	39967657	53528357	0.311764817401898	784	0.114362176118719	0.677669764824208	21004	0.239235079433088	3	2	1	-8.07426789097223
chr10	53574980	125881862	0.107182997939904	3325	0.0975727655503668	0.54081796429126	138835	0.199013784015796	2	2	0	-6.79239856405345
chr10	125896668	125917965	0.490357677920952	15	0.145898627559719	0.609347770323363	72	0.217154710360176	2	1	1	-6.73908221706058
chr10	125918008	133689420	0.094254822298652	517	0.0996027568638335	0.640119112319652	13922	0.211202823782059	3	3	0	-8.65323757620005
chr11	262189	629962	0.429833975982643	174	0.0767454690441249	0.914605043380525	4314	0.251768200259033	5	3	2	-6.96556329676936
chr11	631966	20586682	0.433555951778611	2091	0.0912522238367461	0.792264043904954	71586	0.245593226190325	3	2	1	-7.58966428320815
chr11	20586748	49385956	0.43497411673765	1353	0.0982343302367526	0.813698330717436	52672	0.30859445361274	3	2	1	-8.01996978703535
chr11	49388651	50083882	0.323516852968408	97	0.104373315983287	1.80910863594391	2019	0.709181871613878	9	6	3	-6.76438189464458
chr11	50090417	50512765	0.499052445622971	34	0.0909622407019066	0.842680700736088	548	0.327351341241331	4	2	2	-6.771906846255
chr11	54592041	55604331	0.407509587607174	46	0.0862422719355133	0.889897089139615	1248	0.276227804419806	3	2	1	-7.11311106462407
chr11	55721744	55889189	0.147236156900186	19	0.0588963804128148	3.20829639559689	1528	0.774175946002285	15	13	2	-6.73318435249384
chr11	55948658	56743218	0.371305067866339	75	0.0934058508497887	1.61652370182305	3517	0.712861839646443	8	5	3	-6.75364262818671
chr11	56744269	58423105	0.161540989821126	244	0.0787129368133153	2.83677700511236	16962	1.13247357389072	14	12	2	-6.73737757408243
chr11	58439208	60092705	0.36722150275934	77	0.0996500695616233	0.763210760851731	5032	0.232026016158318	3	2	1	-6.73899172794177
chr11	60110494	61502177	0.207076201954947	217	0.0923767865111355	2.16194658370247	14052	0.841555032526825	10	8	2	-6.7414895204079
chr11	61502178	62041328	0.158969049489599	141	0.0822637195500219	3.000717396991	9966	1.38630230966612	14	12	2	-6.73308564333155
chr11	62044663	66987036	0.113988489923521	323	0.0906077402356983	0.579092586995381	34267	0.177188927338257	2	2	0	-7.07487260660254
chr11	67035722	67393178	0.16000414945439	46	0.133203801210794	3.24596204665809	7659	1.49657287813003	14	12	2	-6.73359709736591
chr11	67393462	74554169	0.182368138862891	1380	0.0975312346513386	2.6109427848067	77213	1.16349104355606	12	10	2	-6.73309134927074
chr11	74556142	78508929	0.144334771735234	772	0.0745455924153003	3.21321098984232	44024	1.53909542029595	15	13	2	-6.73464150173052
chr11	78521399	80585678	0.0731126317934692	38	0.0931766550534074	0.583062676037324	1690	0.510509005982974	2	2	0	-6.90345251822683
chr11	80641568	82102543	0.498468331427377	46	0.134619434965875	1.89756207400989	1349	1.39314642944785	8	4	4	-6.73476998819378
chr11	82658127	135010135	0.109100892019883	1694	0.0973007379629842	0.548200587774146	86903	0.190386437048438	2	2	0	-6.78082665273516
chr12	12259	60264	0.257634744150729	34	0.117707256435059	0.939366178937268	174	0.473805994639972	4	3	1	-6.76323935900017
chr12	91441	311455	0.17485108778323	64	0.0940604739933684	3.13117967549202	2943	1.10399069917132	13	11	2	-6.73588620180534
chr12	314315	980194	0.225478598832023	200	0.108475847183189	2.17417455002401	7754	1.04967815241529	10	8	2	-6.73606675708315
chr12	991262	24267267	0.31336062373894	2483	0.103357661304401	1.50382553606738	105079	0.56499470150106	7	5	2	-6.84073018673435
chr12	24286727	27330385	0.416734160449367	257	0.101354634259828	1.26014281705792	9144	0.485280176154782	5	3	2	-6.78206665559536
chr12	27336688	33824537	0.498863880358522	617	0.095872413525578	0.944666656438228	17481	0.35229639186509	4	2	2	-6.73950512832055
chr12	38082135	62072192	0.498911838019597	1733	0.0891532660715084	0.902869491221848	99753	0.284142150454109	4	2	2	-7.30658654524923
chr12	62079402	125326510	0.498887912395839	4052	0.0984201935714945	0.796390730408965	168225	0.2982645060142	3	2	1	-8.88995103847149
chr12	125348393	133224299	0.422312934978836	601	0.105437909695173	0.864061123563002	19354	0.305673762587184	4	2	2	-7.54004633049253
chr13	18177561	98186625	0.347834405324338	3278	0.11102699271838	0.800393724204183	115762	0.310830223175629	3	2	1	-8.26719760051995
chr13	98219733	102971314	0.125477278670424	281	0.123904702975393	0.467862489995954	9269	0.170480529199673	2	2	0	-8.41603136728001
chr13	103046013	114354016	0.103509233089236	566	0.0935256520960292	0.600552715867546	14731	0.216871430469597	2	2	0	-7.89161270729375
chr14	16099245	16402213	0.18331224275686	2	0.0848528137423857	0.779913161237959	18	0.21557617733714	3	3	0	-7.42679901828653
chr14	18314273	19716953	0.32885861848772	90	0.140931814734979	0.809694699825777	1330	0.284806120383203	3	2	1	-6.82411782674538
chr14	19733813	66013530	0.442921669215612	2765	0.096791606921819	0.826952069899516	113696	0.291208323042387	3	2	1	-9.20664425658172
chr14	66046382	105770121	0.364682364935913	3062	0.108213185779702	0.736154065475751	108638	0.26351537566349	3	2	1	-6.87345965799159
chr14	105770768	106874644	0.498992309284987	237	0.0860364229445225	0.837561305797916	4914	0.200023586171604	4	2	2	-7.01904746655123
chr15	19848395	23090713	0.496189901471227	497	0.121135763132221	0.776278156075748	7362	0.278480574416746	3	2	1	-7.41524613953876
chr15	23091816	28465091	0.49878837859704	475	0.102519258250517	1.1576451037272	15558	0.453844344737276	5	3	2	-7.14235001824556
chr15	28523827	32815104	0.3016331444011	407	0.122620562313497	0.667638958798114	9658	0.252542198827227	3	2	1	-7.39283655143638
chr15	32823386	44828219	0.144258811805305	896	0.112988213153418	0.401284534757918	35186	0.141041279351952	1	1	0	-11.4287227846277
chr15	44831416	61734602	0.443839122800539	1151	0.102400437008296	0.812805805866312	43403	0.283935887946238	3	2	1	-7.78227443012856
chr15	61748028	77052451	0.22363538395587	1048	0.120490510810861	0.636577490606946	51484	0.227333614092799	2	2	0	-9.83156986390874
chr15	77079666	94817637	0.24603142944315	1814	0.110701860565626	0.891856971547811	57177	0.309911365085839	4	3	1	-7.32615519638272
chr15	94848854	96541019	0.0734020831151312	56	0.104698472433317	0.736920751237696	1409	0.351352118090944	3	3	0	-6.74616411969123
chr15	96541108	99122641	0.255359800927032	157	0.106318844985048	0.88971801586297	3588	0.366847781718873	4	3	1	-6.83925314556079
chr15	99126774	101752523	0.0772857003432342	291	0.0748613574971013	0.762200843752779	6835	0.251078467892756	3	3	0	-6.74815054133949
chr15	101752636	101954140	0.48496999058889	25	0.171552780993683	0.588730689794794	508	0.231877652014786	2	1	1	-6.75133995758304
chr16	11730	16454357	0.103714246392225	1965	0.104759309341287	0.548364964824654	60367	0.18655018015369	2	2	0	-6.76191370296323
chr16	16454405	16640006	0.493847123467536	30	0.140455437363804	0.465780573495531	273	0.212541647375777	2	1	1	-6.79364581807022
chr16	16647684	30749091	0.10074335659502	924	0.114836214988283	0.522540867854616	45548	0.189239332177017	2	2	0	-7.12450177404496
chr16	30759629	31506885	0.499190554070557	48	0.0799346780079019	0.968049968092226	9795	0.266544111014645	4	2	2	-6.73374378187027
chr16	32101910	36104257	0.495774041866683	127	0.131524590515467	0.901872817886119	4096	0.324900545214083	4	2	2	-6.81616025688519
chr16	46386256	46401545	0.462918895606861	62	0.115526161644563	0.796257727370765	924	0.18000136500957	4	2	2	-6.80391114311526
chr16	46914184	55760723	0.102334431594232	301	0.0962127792581645	0.52481405737768	14767	0.194526588179444	2	2	0	-6.9369578876341
chr16	55820284	55828989	0.412522078353212	16	0.0417915461945754	0.49065716963789	110	0.087769133815419	5	3	2	-7.20218353657831
chr16	55848129	74360773	0.106604165442816	861	0.0981400276087297	0.523704666531082	52406	0.185010172834894	2	2	0	-7.19837182142164
chr16	74364020	74414127	0.321605836706736	23	0.149505390070322	0.408596836936017	158	0.205119726975691	3	2	1	-7.03127706593208
chr16	74417986	90173575	0.10641068985744	1697	0.0966387775334039	0.543884837975508	38711	0.196653899662552	2	2	0	-6.74514698234544
chr17	156324	7497496	0.444283570569571	1520	0.101359983368558	0.837459985265494	50128	0.272007361228719	3	2	1	-7.73148472255607
chr17	7509719	10755721	0.141121724745667	339	0.108831142559911	0.41558044805876	16063	0.137561021829896	1	1	0	-9.59754459161869
chr17	10799294	14161873	0.111220353111708	635	0.0703982647582009	2.86334985982743	22114	1.51658624078152	12	11	1	-6.74635527477684
chr17	14166952	16337989	0.142337348645834	392	0.0762106800182144	2.3233041206035	16009	1.05737975178486	9	8	1	-6.76373470828381
chr17	16421475	17224157	0.278532075695276	98	0.126230273918105	0.925334378824146	4234	0.323212833503212	4	3	1	-6.73982215839992
chr17	17226117	18919313	0.186964626032809	374	0.104362910156068	1.25039718125745	14719	0.445623965485507	6	5	1	-6.78401808226101
chr17	18924480	19468687	0.379481486520283	24	0.0677588301107023	0.702585011882894	1982	0.220603862349035	3	2	1	-6.80135209744546
chr17	19469986	21291039	0.172836804828245	107	0.126090632665229	0.312745660386558	4673	0.154102019978143	1	1	0	-7.00622479926717
chr17	21291051	21844964	0.498719211411529	281	0.126440501549662	0.412066562761354	1344	0.174234849816133	2	1	1	-7.48134507440465
chr17	21847190	24421438	0.289999069296201	113	0.12210106549885	0.673291226293514	1001	0.324154463159177	3	2	1	-7.10835474667612
chr17	25389878	26952458	0.411226086772937	15	0.142921490269841	0.596484876428535	168	0.186917461473678	2	1	1	-7.1715442164843
chr17	26952542	35265572	0.103992784800877	333	0.0971975834972639	0.547808461130789	28636	0.187083366071959	2	2	0	-6.75460031883486
chr17	35442015	36834695	0.26077919555335	71	0.113758342829791	0.657019687047733	5487	0.225307303484582	3	2	1	-7.45917736796547
chr17	36836644	52944217	0.111513330883497	1133	0.102896895039788	0.552415354143115	73318	0.186309461690263	2	2	0	-6.79507956102916
chr17	53224895	56042014	0.246463597986774	84	0.126994280141883	0.706472988353104	2907	0.280517323788231	3	2	1	-7.27535197070329
chr17	56070985	59319374	0.498824195890603	269	0.105209436209202	0.880432203301287	14280	0.311402176169159	4	2	2	-6.87394451109286
chr17	59395801	61408032	0.498785879285455	270	0.0969583972636972	1.12084329791219	11880	0.422622772235606	4	2	2	-6.89472113166474
chr17	61412461	83158753	0.364423198750095	2808	0.10584759700835	0.822960638233631	104233	0.281040496556846	3	2	1	-7.8608333841562
chr18	49125	108232	0.0895967151847967	18	0.166347105406509	0.682285851775417	147	0.354062564000404	3	3	0	-6.73581061286769
chr18	110425	15341512	0.420972340331813	934	0.104201120010796	0.81014166018013	35544	0.295819053524391	3	2	1	-7.45808343398695
chr18	21006451	25881863	0.498758541466511	233	0.100880712155243	0.787315882630915	14394	0.292942391148029	3	2	1	-7.7419222290792
chr18	26079782	36076675	0.334607123707483	502	0.105241740699663	1.55098102177644	24776	0.634671946501348	7	5	2	-6.78991889207007
chr18	36082025	45943346	0.247626756373083	493	0.104865144954349	2.14846527701281	21875	1.30324659365826	9	7	2	-6.75550792956434
chr18	45946806	48520545	0.139597927739915	332	0.0893580084520509	3.45577568335828	20537	1.77125353904755	16	14	2	-6.73304834913934
chr18	48552014	50123613	0.300907700103258	190	0.102523445980774	1.73660975166392	6825	0.657530298194746	7	5	2	-6.75309121904148
chr18	50157167	54055970	0.498734128191966	142	0.103198384448556	1.01649157356811	6443	0.419083991635337	4	2	2	-6.77912628987685
chr18	54127176	60624246	0.114824664612847	275	0.103684913051157	0.553866802007313	9837	0.205720247425654	2	2	0	-6.7614116754541
chr18	60682962	67960358	0.375730148509556	352	0.107439171901276	0.900004852006753	10168	0.56316793195558	3	2	1	-7.16045311250978
chr18	68182870	80174701	0.11805082657168	454	0.105897736729618	0.552328397212255	11674	0.21194978801059	2	2	0	-6.76599855831948
chr19	93226	1696089	0.0909881527306678	418	0.0864318963630569	0.744387424890043	12486	0.228814074367367	3	3	0	-6.7359309450394
chr19	1709130	12038536	0.184401747214161	2208	0.106463886502513	0.759089892135842	86174	0.257182638926638	3	3	0	-7.20755579009909
chr19	12051026	20863248	0.155520017472142	1736	0.0990114149880988	0.870867374467319	74430	0.290581374715323	4	4	0	-7.69097777073181
chr19	20863363	24394203	0.200222753852326	376	0.109254410593086	0.688225557290446	12063	0.233867622571152	3	3	0	-7.60160752423361
chr19	27392054	27867463	0.200831588719839	15	0.112392678968491	0.633165446972815	92	0.212775257211037	2	2	0	-7.16854462668295
chr19	27867513	32305477	0.332903781997787	291	0.113259117953047	1.26944833868941	9195	0.587269321613028	6	4	2	-6.79171539431338
chr19	32323530	33409362	0.49914159181552	325	0.0809847069145532	0.891767887412508	7515	0.305574852444544	4	2	2	-6.76895984247434
chr19	33411903	35532903	0.339877778566614	368	0.102881690989966	1.3352947575767	15898	0.55053386800458	6	4	2	-6.74105256243235
chr19	35538760	39877634	0.101546196930217	602	0.0986645148406582	0.530177097430498	27096	0.172862642624913	2	2	0	-6.81491819642933
chr19	39877640	39902512	0.431871241173855	30	0.145917532999916	0.619793943064438	233	0.176155688174543	2	1	1	-6.86912049037308
chr19	39924363	58571238	0.10346866888837	3104	0.0944116061273858	0.539491909072302	119730	0.175530563094542	2	2	0	-6.78176904321179
chr20	87623	25908917	0.498892121010905	2218	0.0960812242756429	1.04338456471401	70616	0.386912962510715	4	2	2	-7.40227479625744
chr20	25908950	26119345	0.498278820031034	28	0.153899317737279	0.931733638235059	321	0.332041819971943	4	2	2	-6.73400664439525
chr20	28559177	31274100	0.268259298814313	891	0.141934196469941	1.20606707994452	4881	0.535281367693299	5	4	1	-6.77526906219059
chr20	31274572	39193249	0.347437543207878	1396	0.0974236840932654	1.30870012580179	64594	0.48958237413829	6	4	2	-6.77719557456904
chr20	39228883	40910878	0.162839144058277	87	0.101699969129446	2.63009523430542	2996	1.58073972882427	13	11	2	-6.73787636837982
chr20	40953076	45220030	0.263204016358323	444	0.106205652921032	1.75723537790997	24625	0.688318184915318	8	6	2	-6.7358153963088
chr20	45291806	45693861	0.395851131606762	58	0.0955806798688225	1.15237855330235	2758	0.349184128936982	5	3	2	-6.74873297882403
chr20	45695999	45803554	0.226188314815123	77	0.0956915863555836	1.94295043090806	1216	0.841713817173618	10	8	2	-6.73901494187168
chr20	45815127	60308674	0.498865207460674	1634	0.0966547697253995	1.07418635241882	55227	0.39312860676685	4	2	2	-7.38961342942476
chr20	60335724	63852688	0.423483130129741	442	0.0893851777530788	0.857753369626527	14330	0.242234310908871	4	2	2	-7.55519469088533
chr20	63887336	64327831	0.0921030280455062	57	0.0983471900945764	0.625657279207638	2169	0.188127025376414	2	2	0	-6.92184858121268
chr21	5033884	5247778	0.450930833820416	42	0.131016068559065	0.619284699406317	261	0.211250160328287	2	1	1	-6.86333967806339
chr21	5247825	9348099	0.413525897532505	120	0.150095398002073	0.418983009833121	771	0.21289920701259	2	1	1	-9.34748864879213
chr21	9361145	10446340	0.427130172507094	526	0.137831813123948	0.776489152912733	2422	0.319033922284075	3	2	1	-6.869760137479
chr21	10447600	10737112	0.256554471610249	153	0.120182594568231	1.00767885370811	1604	0.329885336724448	4	3	1	-6.76839785048954
chr21	13000722	23934733	0.49882351304792	501	0.102196853250828	0.838798418127754	10595	0.34540236996015	4	2	2	-7.57721073694983
chr21	23946144	46663614	0.418149481488311	1762	0.104077664063488	0.669070040146907	54223	0.235773793426527	3	2	1	-9.12630919224749
chr22	10662913	10746653	0.492746822540028	81	0.164087764456843	0.520981410653518	314	0.24694241582746	2	1	1	-6.73580282154878
chr22	10747317	12797396	0.293139293472294	656	0.129329351701767	0.620665713310647	3025	0.242538138696796	3	2	1	-7.58023623243241
chr22	15314315	16696923	0.498674209572687	158	0.138970641910691	0.988330370287588	2189	0.442159656996839	4	2	2	-6.73713367481357
chr22	16697016	19533251	0.305341865500898	579	0.110236084295464	1.66977856074831	20112	0.699365516796754	7	5	2	-6.74407257598299
chr22	19536111	20508359	0.143654952645663	286	0.0954009951267881	3.33344083644194	16245	1.43228072978595	16	14	2	-6.73460095289756
chr22	20510055	22899525	0.190995054583409	691	0.0940025272395088	2.35884946383246	27395	1.05981535852854	11	9	2	-6.73799242310226
chr22	22901301	23927818	0.209452731969066	419	0.0929865233835713	2.25316257671996	11605	1.04402046385345	10	8	2	-6.73821276861385
chr22	23935395	24059442	0.498617895117292	106	0.126169956612034	2.50396823305476	1221	1.8365486432709	12	6	6	-6.73314211394024
chr22	24060734	26547679	0.221018608527232	634	0.101383607407768	2.0585665711587	23325	0.856614929011013	10	8	2	-6.74254630978532
chr22	26548345	27462082	0.17268286125609	175	0.0918977128242683	2.49161460711609	3957	1.45774069412094	13	11	2	-6.73754533626176
chr22	27484246	28228437	0.498981546157967	40	0.110192928131784	1.24631776120617	2606	0.481413625664953	6	3	3	-6.7508253194067
chr22	28297237	31966935	0.110397259547709	412	0.097335162026892	0.518251123594688	16742	0.182917098333444	2	2	0	-6.89494129555816
chr22	31967838	32754499	0.498777833551223	192	0.0924578471886657	1.06914870891619	4541	0.379640130850864	4	2	2	-6.77214879672887
chr22	32757361	35644706	0.271128055101794	453	0.10024179586657	1.62097061005364	11358	0.730399492152122	8	6	2	-6.76382460543411
chr22	35659868	36129065	0.0959450156583106	141	0.0636690969050859	4.26705241980271	5750	2.24092465099903	13	12	1	-6.7426759747162
chr22	36141452	38286756	0.168831139650432	926	0.0841482562737644	2.91681242066241	36179	1.32023773951851	13	11	2	-6.73395930225705
chr22	38289125	40080114	0.216940833640332	386	0.1047441720509	2.22694444547519	20208	1.00334500679098	10	8	2	-6.73323471261041
chr22	40099891	40596511	0.254922359092254	102	0.0961620445290055	1.95944530813431	4883	0.985261503919834	9	7	2	-6.74670027086865
chr22	40598904	40921079	0.344822935215643	53	0.100137412845444	1.24942441447144	2365	0.564105832091621	6	4	2	-6.7394989015461
chr22	40937221	41989436	0.27134162297233	390	0.109320166455011	1.70667663312862	14929	0.654105026201715	8	6	2	-6.73652834869451
chr22	41994056	50808390	0.108257252768205	974	0.0990977283916019	0.554861033427437	27520	0.194447646666196	2	2	0	-6.79108352687538
chrX	256959	57431787	0.4987958315635	601	0.108950352587297	0.939942305577297	60752	0.323181226888806	4	2	2	-6.85296931191601
chrX	65956689	155985886	0.33401661408678	55	0.137396258997587	0.954032514852245	71207	0.314873823045667	4	3	1	-6.82183444205321
chrY	3851372	5509868	0.415003395147734	15	0.0863455405967927	0.890923032892944	377	0.257521922847785	4	2	2	-7.3430626648901
chrY	10796683	56884027	0.47363235053281	303	0.155160651490178	0.676478319891057	5067	0.282267313598504	3	2	1	-9.49299256761018
