chromosome	start.pos	end.pos	Bf	N.BAF	sd.BAF	depth.ratio	N.ratio	sd.ratio	CNt	A	B	LPP
chr1	591452	15041242	0.25629474735573	975	0.109699311961886	0.873569484918326	49294	0.302300371581428	2	2	0	-7.71983691136227
chr1	15063649	15633391	0.497020641226812	42	0.0806260240191027	0.445647244851834	1620	0.149016374366771	0	0	0	-6.85805461969686
chr1	15711889	16696714	0.275050988103961	203	0.120969414840809	0.878964108675815	6812	0.282544104679547	2	2	0	-6.83870011920781
chr1	16697016	16947199	0.434061291324276	82	0.097602312380977	1.0415550576963	1090	0.365635203575224	3	2	1	-6.83316503796778
chr1	16950132	24042128	0.234705562019577	671	0.105579879287796	0.891308975069221	26337	0.302954838119612	2	2	0	-7.1049613177265
chr1	24057843	103170546	0.380744848537767	3309	0.0985471380591092	1.04483968648323	188384	0.381171094002439	2	1	1	-8.73256767371355
chr1	103196347	121497112	0.397457005972455	730	0.100877175198423	1.55879152401089	52872	0.79530539915608	5	3	2	-6.93116059248507
chr1	123755614	143356757	0.170486566065764	25	0.158393360551087	2.1559920959146	857	0.848968705769755	7	6	1	-6.80186320884612
chr1	143453774	144439812	0.323222510153002	36	0.117010690055659	1.27607481549087	1400	0.556233194751747	4	3	1	-6.77336841922015
chr1	144905037	161283867	0.49891831246042	1540	0.0851458571602457	1.2953505325603	92690	0.431373443201494	4	2	2	-7.43498166484719
chr1	161284466	248945585	0.498900307719268	4509	0.0905984957689645	1.11514003958316	201314	0.409681823035169	3	2	1	-9.20882272575248
chr2	692978	86885746	0.498905361100539	2840	0.0915218009265998	0.988481777939556	156505	0.363301438230651	2	1	1	-6.79598801751866
chr2	86887741	92005918	0.490913112942705	232	0.120586668308802	0.970589593896527	7203	0.417130499870919	2	1	1	-6.73697503359571
chr2	94190317	242183318	0.498932731621788	6131	0.0875084853866158	0.972852954007881	272711	0.351165906676215	2	1	1	-6.74049821644767
chr3	13132	90507212	0.243495728324719	2234	0.109635384786282	0.848838072580162	154963	0.283391083875394	2	2	0	-11.7886834199858
chr3	91404517	198119865	0.245708843829729	3360	0.110970981824512	0.838847600130488	159011	0.294548776123379	1	1	0	-12.2369569607491
chr4	25320	49092775	0.498907187224088	1852	0.0857287411814747	0.983734814225736	79318	0.357434195363613	2	1	1	-6.7475476591444
chr4	49097765	49137240	0.383796880982235	33	0.133463187240845	1.67334100668691	396	0.864502383289638	6	4	2	-6.73638681527376
chr4	49139720	49711644	0.498553663274692	117	0.141476721884729	1.17750945375542	806	0.614605553440572	2	1	1	-6.76493542500138
chr4	51838815	190179746	0.498912281764603	3861	0.0890772612401535	0.967197818744687	174474	0.434619937775229	2	1	1	-6.76876245350546
chr5	163090	1337791	0.498844883425918	160	0.080312189357743	0.961463686274568	5649	0.252538444265454	2	1	1	-6.73563258754822
chr5	1344343	7800461	0.286751732432769	149	0.113195184648818	0.703661225245011	4950	0.244098696839552	1	1	0	-6.93249841366907
chr5	7802250	39463735	0.498872525312189	818	0.0881364789957693	0.975581503265156	38674	0.366333751049175	2	1	1	-6.73315083911526
chr5	39516727	45816860	0.387076471671824	183	0.0910571792672868	1.21868707143648	9213	0.444380368790407	3	2	1	-6.74511263032245
chr5	49600543	50273780	0.29380201579868	41	0.113540789919789	1.43795585606521	500	0.710126071891435	5	4	1	-6.75969738381031
chr5	50273863	181184717	0.498919408194359	4226	0.0896384050718353	0.973481722810655	218920	0.387888069732304	2	1	1	-6.73652863838854
chr6	159973	58380586	0.393284296577615	4213	0.0958138357729878	1.27051593522704	188820	0.474403225531641	3	2	1	-6.98148275651809
chr6	60291702	170697568	0.487632456714418	2311	0.0958602287291326	0.872279832368285	141391	0.319554141378475	2	1	1	-10.690862160606
chr7	119306	58100289	0.498900144727312	2280	0.0925311402367046	0.981935281028615	106068	0.363559608752167	2	1	1	-6.74285772934084
chr7	60958090	151961239	0.498913229896559	4033	0.0958088783199555	0.976152255271028	199367	0.354611449317582	2	1	1	-6.73312136697742
chr7	151961327	152414791	0.498636634536493	114	0.117813305057731	1.0025698005211	2205	0.352152561034786	2	1	1	-6.73469553940653
chr7	152414888	158989852	0.49886454505009	355	0.0871787001390675	0.981869331440855	11324	0.401296796290195	2	1	1	-6.73401975974666
chr8	213553	12132686	0.498882446677501	667	0.0946243088603217	0.982782948689625	16308	0.361557114934092	2	1	1	-6.73575633297045
chr8	12137553	12664387	0.285119958980637	75	0.107131025275485	1.02856226992011	856	0.537387515479972	2	2	0	-6.79984035162678
chr8	12703576	43438973	0.498884041562777	1223	0.0946175521616251	0.989970374769928	62870	0.355855288405723	2	1	1	-6.76249399898651
chr8	45952307	141149246	0.498905401960668	2845	0.0862984448269325	0.978515691738147	118954	0.373956218273586	2	1	1	-6.73588742274884
chr8	141150777	145072669	0.498914614106609	473	0.0710613415035192	0.969900816829806	22166	0.279431247798074	2	1	1	-6.73434381097891
chr9	10368	38933005	0.245005638628558	1196	0.114317755362705	0.831054563769919	55643	0.294641362931777	1	1	0	-9.75346895836816
chr9	38951840	42975562	0.4960388890324	347	0.140941279984697	0.919732702188338	2419	0.399349957045168	2	1	1	-6.78636358353561
chr9	43115273	138220869	0.245802121498233	3217	0.10503451419064	0.854754850462853	162944	0.294066577553891	2	2	0	-11.4825095605693
chr10	47663	39131435	0.498893622240954	1755	0.0926223519717994	0.987108239666684	71019	0.384304555937223	2	1	1	-6.75347718895539
chr10	39967657	41889572	0.489781809741498	21	0.142030798135642	1.21409670694946	152	0.74846133511613	4	2	2	-6.80737616199253
chr10	41896933	41914709	0.030028715611305	13	0.0640889806120946	2.64428234431595	81	1.41320561344208	20	20	0	-6.77026601705732
chr10	42070582	133787310	0.498919369487544	4218	0.091110556465308	0.986765886272766	186295	0.360868957700512	2	1	1	-6.78378371120365
chr11	192997	50512765	0.49892215608631	2840	0.0848832321777495	0.975497257924046	116224	0.321723740175441	2	1	1	-6.73319616632202
chr11	54591430	135057684	0.494629326932985	3435	0.0828901588039275	0.986101570683613	209043	0.332731643245605	2	1	1	-6.78166456139961
chr12	13488	34265856	0.498905261147231	2209	0.0914642867007626	0.983828662437481	82245	0.342145152829672	2	1	1	-6.7443740426229
chr12	37418148	132821865	0.498923447931192	4403	0.0871360267096916	0.980804071391872	243475	0.345144341472615	2	1	1	-6.74480857551948
chr13	18177561	18465093	0.454364923463979	65	0.133560788162602	1.0910247612599	672	0.440213154269794	2	1	1	-6.81330655335825
chr13	18465190	114299210	0.496719912676673	4021	0.0915670001679918	1.40065201095426	169689	0.58713562365228	4	2	2	-7.0432612261798
chr14	16037128	16402273	0.359698458116506	5	0.15033529193107	0.956656326282938	49	0.371328358733884	1	1	0	-6.86317804848792
chr14	18318907	19959920	0.498601707897957	111	0.123102115645227	0.983717723956567	2442	0.314768598287787	2	1	1	-6.73372771689556
chr14	19995487	106865837	0.498920267980161	3878	0.0880608203104235	0.991410426247523	197173	0.35212329640338	2	1	1	-6.83489134618034
chr15	20003745	23201779	0.358525015711549	257	0.126752083172315	0.92612841659944	5062	0.372742907240055	2	2	0	-7.18118953122761
chr15	23202499	30093339	0.498780062901777	287	0.102466036629495	1.11377526390153	14257	0.41557463524758	2	1	1	-7.12409581585226
chr15	30141210	36745662	0.248682023989466	395	0.116404906822931	0.863379561571225	12235	0.286720296447397	2	2	0	-7.38191252098139
chr15	41179528	86060643	0.498853587383162	901	0.0965587003301427	1.08456322083823	139868	0.416355469878079	2	1	1	-8.09833528454353
chr15	86574905	90693162	0.250824975901476	210	0.110778376968738	0.855551730879763	10489	0.302217050918208	2	2	0	-7.16897191388528
chr15	90694373	98904285	0.475197804066627	399	0.0897552917960012	1.16617065890338	12602	0.457228157712992	3	2	1	-7.17467282808757
chr15	98908940	99490697	0.231680808199831	41	0.0795361706333941	0.853305278492517	1377	0.256459080355541	2	2	0	-6.85894384574323
chr15	99541668	101954215	0.445047312905548	238	0.102070889460206	1.14033927908888	6484	0.475989978511769	3	2	1	-6.87664440760834
chr16	11651	34572792	0.498906488212089	2500	0.0903677440036129	0.998002356903845	132355	0.351215044879672	2	1	1	-6.8157152764226
chr16	34573026	35644179	0.4153651671268	62	0.131068415977469	1.4575972053857	1612	0.664794814473706	5	3	2	-6.7754306750693
chr16	46386256	46401545	0.479082859415675	67	0.102896871522677	1.80060173694317	1463	0.530594667291653	6	3	3	-6.75793434084403
chr16	46568907	90095477	0.498906593090861	2340	0.0892949414794323	0.99613259377307	121195	0.351703534039333	2	1	1	-6.82009212660968
chr17	137603	23016365	0.456294962195759	2626	0.0942765319255589	1.14009417480793	114954	0.405132125829289	3	2	1	-7.30055847310714
chr17	25389924	83135891	0.465865028365266	3926	0.0943418735748374	1.14472966362061	263900	0.409994050180944	3	2	1	-7.74892485032141
chr18	47492	15341512	0.498882749284969	802	0.0930014809471218	1.00149935059295	29002	0.381668801952193	2	1	1	-6.77481289360792
chr18	20946254	80174730	0.498893438802067	1640	0.0912723382976165	0.979657984714616	75867	0.362435545253584	2	1	1	-6.7369550782291
chr19	93351	24012066	0.498930037555179	4293	0.084928566665944	0.995246568044902	178986	0.351971270227676	2	1	1	-6.77709672017029
chr19	27646333	57257858	0.498925096906182	4059	0.0895654442626839	1.00123350899095	188049	0.403070518275107	2	1	1	-6.8036791290933
chr20	96321	26132933	0.498898840947884	1335	0.0875983115854569	0.99034617938881	48464	0.362116917395992	2	1	1	-6.75847582205223
chr20	28559257	31064423	0.498752642938303	607	0.125167771274378	1.04786151438832	3176	1.79757108723386	2	1	1	-6.73543799427578
chr20	31065225	31244855	0.493429512899995	26	0.113661630086174	1.76731605816516	220	0.87340506641859	6	3	3	-6.73642875084035
chr20	31274553	64327831	0.498909491025131	2155	0.087625793900254	1.00511317786912	105005	0.356519018537504	2	1	1	-6.86521189217357
chr21	5034028	10739746	0.279452207724709	694	0.122632412081456	1.07254696918688	4802	0.414858649840709	2	2	0	-6.93949959674869
chr21	13000333	13010915	0.0625016975890926	13	0.129266421364203	1.20154733211671	51	0.395893016842068	11	11	0	-6.77842044454289
chr21	13011376	46658699	0.498897989045967	1631	0.091451414548554	0.98559656311561	62825	0.347093905149416	2	1	1	-6.74920338666093
chr22	10685693	12797396	0.498735487867995	663	0.12572843237008	1.04446457427174	3426	0.411389243432264	2	1	1	-6.76733228792874
chr22	15562384	50808384	0.447768366735594	2929	0.0937574965383157	1.16113755806085	152817	0.41774054460103	3	2	1	-7.16718345848261
chrX	293508	52862789	0.286957349819569	414	0.120077372798689	0.942536319247552	42428	0.310182885206754	2	2	0	-7.16343344552734
chrX	65956689	154400837	0.498676192857996	36	0.145218062630947	0.970231438321509	57089	0.297362182422389	2	1	1	-6.75390873461285
chrX	155985299	156010165	0.285041937387721	13	0.0823361621023447	0.52905436652632	105	0.164019116303011	1	1	0	-6.99053359236164
chrY	3852176	3852576	0.498638023469241	11	0.126179453737344	0.833235904164766	19	0.214228330941026	2	1	1	-6.73323037161446
chrY	10796678	56887153	0.457003032380957	318	0.128061728750835	0.614641000889073	3789	0.415781572958298	1	1	0	-10.1444242982452
